"","Ordinal_date","TEMP","Predicted"
"1",129,3.2,1.33685198269728
"2",131.877551020408,3.2,1.33685198269728
"3",134.755102040816,3.2,1.33685198269728
"4",137.632653061224,3.2,1.33685198269728
"5",140.510204081633,3.2,1.33685198269728
"6",143.387755102041,3.2,1.33685198269728
"7",146.265306122449,3.2,1.33685198269728
"8",149.142857142857,3.2,1.33685198269728
"9",152.020408163265,3.2,1.33685198269728
"10",154.897959183673,3.2,1.33685198269728
"11",157.775510204082,3.2,1.33685198269728
"12",160.65306122449,3.2,1.33685198269728
"13",163.530612244898,3.2,1.33685198269728
"14",166.408163265306,3.2,1.33685198269728
"15",169.285714285714,3.2,1.33685198269728
"16",172.163265306122,3.2,1.33685198269728
"17",175.040816326531,3.2,1.34485869414995
"18",177.918367346939,3.2,1.34491509427689
"19",180.795918367347,3.2,1.42881721212504
"20",183.673469387755,3.2,1.45877136211104
"21",186.551020408163,3.2,1.45970356912158
"22",189.428571428571,3.2,1.45998538819382
"23",192.30612244898,3.2,1.45998538819382
"24",195.183673469388,3.2,1.62804011249982
"25",198.061224489796,3.2,1.65951739078149
"26",200.938775510204,3.2,1.66830743186357
"27",203.816326530612,3.2,1.66979326782286
"28",206.69387755102,3.2,1.67489091207983
"29",209.571428571429,3.2,1.76845347564399
"30",212.448979591837,3.2,1.78838742942521
"31",215.326530612245,3.2,1.78814808139606
"32",218.204081632653,3.2,1.82265899007537
"33",221.081632653061,3.2,1.82431578060449
"34",223.959183673469,3.2,1.9974141777346
"35",226.836734693878,3.2,2.03776922483666
"36",229.714285714286,3.2,2.03882793043988
"37",232.591836734694,3.2,2.18309123142764
"38",235.469387755102,3.2,2.18309123142764
"39",238.34693877551,3.2,2.18314002288423
"40",241.224489795918,3.2,2.18314002288423
"41",244.102040816327,3.2,2.18314002288423
"42",246.979591836735,3.2,2.18314002288423
"43",249.857142857143,3.2,2.18314002288423
"44",252.734693877551,3.2,2.18314002288423
"45",255.612244897959,3.2,2.18314002288423
"46",258.489795918367,3.2,2.18314002288423
"47",261.367346938776,3.2,2.18314002288423
"48",264.244897959184,3.2,2.18314002288423
"49",267.122448979592,3.2,2.18314002288423
"50",270,3.2,2.18314002288423
"51",129,3.42857142857143,1.33685198269728
"52",131.877551020408,3.42857142857143,1.33685198269728
"53",134.755102040816,3.42857142857143,1.33685198269728
"54",137.632653061224,3.42857142857143,1.33685198269728
"55",140.510204081633,3.42857142857143,1.33685198269728
"56",143.387755102041,3.42857142857143,1.33685198269728
"57",146.265306122449,3.42857142857143,1.33685198269728
"58",149.142857142857,3.42857142857143,1.33685198269728
"59",152.020408163265,3.42857142857143,1.33685198269728
"60",154.897959183673,3.42857142857143,1.33685198269728
"61",157.775510204082,3.42857142857143,1.33685198269728
"62",160.65306122449,3.42857142857143,1.33685198269728
"63",163.530612244898,3.42857142857143,1.33685198269728
"64",166.408163265306,3.42857142857143,1.33685198269728
"65",169.285714285714,3.42857142857143,1.33685198269728
"66",172.163265306122,3.42857142857143,1.33685198269728
"67",175.040816326531,3.42857142857143,1.34485869414995
"68",177.918367346939,3.42857142857143,1.34491509427689
"69",180.795918367347,3.42857142857143,1.42881721212504
"70",183.673469387755,3.42857142857143,1.45877136211104
"71",186.551020408163,3.42857142857143,1.45970356912158
"72",189.428571428571,3.42857142857143,1.45998538819382
"73",192.30612244898,3.42857142857143,1.45998538819382
"74",195.183673469388,3.42857142857143,1.62804011249982
"75",198.061224489796,3.42857142857143,1.65951739078149
"76",200.938775510204,3.42857142857143,1.66830743186357
"77",203.816326530612,3.42857142857143,1.66979326782286
"78",206.69387755102,3.42857142857143,1.67489091207983
"79",209.571428571429,3.42857142857143,1.76845347564399
"80",212.448979591837,3.42857142857143,1.78838742942521
"81",215.326530612245,3.42857142857143,1.78814808139606
"82",218.204081632653,3.42857142857143,1.82265899007537
"83",221.081632653061,3.42857142857143,1.82431578060449
"84",223.959183673469,3.42857142857143,1.9974141777346
"85",226.836734693878,3.42857142857143,2.03776922483666
"86",229.714285714286,3.42857142857143,2.03882793043988
"87",232.591836734694,3.42857142857143,2.18309123142764
"88",235.469387755102,3.42857142857143,2.18309123142764
"89",238.34693877551,3.42857142857143,2.18314002288423
"90",241.224489795918,3.42857142857143,2.18314002288423
"91",244.102040816327,3.42857142857143,2.18314002288423
"92",246.979591836735,3.42857142857143,2.18314002288423
"93",249.857142857143,3.42857142857143,2.18314002288423
"94",252.734693877551,3.42857142857143,2.18314002288423
"95",255.612244897959,3.42857142857143,2.18314002288423
"96",258.489795918367,3.42857142857143,2.18314002288423
"97",261.367346938776,3.42857142857143,2.18314002288423
"98",264.244897959184,3.42857142857143,2.18314002288423
"99",267.122448979592,3.42857142857143,2.18314002288423
"100",270,3.42857142857143,2.18314002288423
"101",129,3.65714285714286,1.33685198269728
"102",131.877551020408,3.65714285714286,1.33685198269728
"103",134.755102040816,3.65714285714286,1.33685198269728
"104",137.632653061224,3.65714285714286,1.33685198269728
"105",140.510204081633,3.65714285714286,1.33685198269728
"106",143.387755102041,3.65714285714286,1.33685198269728
"107",146.265306122449,3.65714285714286,1.33685198269728
"108",149.142857142857,3.65714285714286,1.33685198269728
"109",152.020408163265,3.65714285714286,1.33685198269728
"110",154.897959183673,3.65714285714286,1.33685198269728
"111",157.775510204082,3.65714285714286,1.33685198269728
"112",160.65306122449,3.65714285714286,1.33685198269728
"113",163.530612244898,3.65714285714286,1.33685198269728
"114",166.408163265306,3.65714285714286,1.33685198269728
"115",169.285714285714,3.65714285714286,1.33685198269728
"116",172.163265306122,3.65714285714286,1.33685198269728
"117",175.040816326531,3.65714285714286,1.34485869414995
"118",177.918367346939,3.65714285714286,1.34491509427689
"119",180.795918367347,3.65714285714286,1.42881721212504
"120",183.673469387755,3.65714285714286,1.45877136211104
"121",186.551020408163,3.65714285714286,1.45970356912158
"122",189.428571428571,3.65714285714286,1.45998538819382
"123",192.30612244898,3.65714285714286,1.45998538819382
"124",195.183673469388,3.65714285714286,1.62804011249982
"125",198.061224489796,3.65714285714286,1.65951739078149
"126",200.938775510204,3.65714285714286,1.66830743186357
"127",203.816326530612,3.65714285714286,1.66979326782286
"128",206.69387755102,3.65714285714286,1.67489091207983
"129",209.571428571429,3.65714285714286,1.76845347564399
"130",212.448979591837,3.65714285714286,1.78838742942521
"131",215.326530612245,3.65714285714286,1.78814808139606
"132",218.204081632653,3.65714285714286,1.82265899007537
"133",221.081632653061,3.65714285714286,1.82431578060449
"134",223.959183673469,3.65714285714286,1.9974141777346
"135",226.836734693878,3.65714285714286,2.03776922483666
"136",229.714285714286,3.65714285714286,2.03882793043988
"137",232.591836734694,3.65714285714286,2.18309123142764
"138",235.469387755102,3.65714285714286,2.18309123142764
"139",238.34693877551,3.65714285714286,2.18314002288423
"140",241.224489795918,3.65714285714286,2.18314002288423
"141",244.102040816327,3.65714285714286,2.18314002288423
"142",246.979591836735,3.65714285714286,2.18314002288423
"143",249.857142857143,3.65714285714286,2.18314002288423
"144",252.734693877551,3.65714285714286,2.18314002288423
"145",255.612244897959,3.65714285714286,2.18314002288423
"146",258.489795918367,3.65714285714286,2.18314002288423
"147",261.367346938776,3.65714285714286,2.18314002288423
"148",264.244897959184,3.65714285714286,2.18314002288423
"149",267.122448979592,3.65714285714286,2.18314002288423
"150",270,3.65714285714286,2.18314002288423
"151",129,3.88571428571429,1.33685198269728
"152",131.877551020408,3.88571428571429,1.33685198269728
"153",134.755102040816,3.88571428571429,1.33685198269728
"154",137.632653061224,3.88571428571429,1.33685198269728
"155",140.510204081633,3.88571428571429,1.33685198269728
"156",143.387755102041,3.88571428571429,1.33685198269728
"157",146.265306122449,3.88571428571429,1.33685198269728
"158",149.142857142857,3.88571428571429,1.33685198269728
"159",152.020408163265,3.88571428571429,1.33685198269728
"160",154.897959183673,3.88571428571429,1.33685198269728
"161",157.775510204082,3.88571428571429,1.33685198269728
"162",160.65306122449,3.88571428571429,1.33685198269728
"163",163.530612244898,3.88571428571429,1.33685198269728
"164",166.408163265306,3.88571428571429,1.33685198269728
"165",169.285714285714,3.88571428571429,1.33685198269728
"166",172.163265306122,3.88571428571429,1.33685198269728
"167",175.040816326531,3.88571428571429,1.34485869414995
"168",177.918367346939,3.88571428571429,1.34491509427689
"169",180.795918367347,3.88571428571429,1.42881721212504
"170",183.673469387755,3.88571428571429,1.45877136211104
"171",186.551020408163,3.88571428571429,1.45970356912158
"172",189.428571428571,3.88571428571429,1.45998538819382
"173",192.30612244898,3.88571428571429,1.45998538819382
"174",195.183673469388,3.88571428571429,1.62804011249982
"175",198.061224489796,3.88571428571429,1.65951739078149
"176",200.938775510204,3.88571428571429,1.66830743186357
"177",203.816326530612,3.88571428571429,1.66979326782286
"178",206.69387755102,3.88571428571429,1.67489091207983
"179",209.571428571429,3.88571428571429,1.76845347564399
"180",212.448979591837,3.88571428571429,1.78838742942521
"181",215.326530612245,3.88571428571429,1.78814808139606
"182",218.204081632653,3.88571428571429,1.82265899007537
"183",221.081632653061,3.88571428571429,1.82431578060449
"184",223.959183673469,3.88571428571429,1.9974141777346
"185",226.836734693878,3.88571428571429,2.03776922483666
"186",229.714285714286,3.88571428571429,2.03882793043988
"187",232.591836734694,3.88571428571429,2.18309123142764
"188",235.469387755102,3.88571428571429,2.18309123142764
"189",238.34693877551,3.88571428571429,2.18314002288423
"190",241.224489795918,3.88571428571429,2.18314002288423
"191",244.102040816327,3.88571428571429,2.18314002288423
"192",246.979591836735,3.88571428571429,2.18314002288423
"193",249.857142857143,3.88571428571429,2.18314002288423
"194",252.734693877551,3.88571428571429,2.18314002288423
"195",255.612244897959,3.88571428571429,2.18314002288423
"196",258.489795918367,3.88571428571429,2.18314002288423
"197",261.367346938776,3.88571428571429,2.18314002288423
"198",264.244897959184,3.88571428571429,2.18314002288423
"199",267.122448979592,3.88571428571429,2.18314002288423
"200",270,3.88571428571429,2.18314002288423
"201",129,4.11428571428571,1.33685198269728
"202",131.877551020408,4.11428571428571,1.33685198269728
"203",134.755102040816,4.11428571428571,1.33685198269728
"204",137.632653061224,4.11428571428571,1.33685198269728
"205",140.510204081633,4.11428571428571,1.33685198269728
"206",143.387755102041,4.11428571428571,1.33685198269728
"207",146.265306122449,4.11428571428571,1.33685198269728
"208",149.142857142857,4.11428571428571,1.33685198269728
"209",152.020408163265,4.11428571428571,1.33685198269728
"210",154.897959183673,4.11428571428571,1.33685198269728
"211",157.775510204082,4.11428571428571,1.33685198269728
"212",160.65306122449,4.11428571428571,1.33685198269728
"213",163.530612244898,4.11428571428571,1.33685198269728
"214",166.408163265306,4.11428571428571,1.33685198269728
"215",169.285714285714,4.11428571428571,1.33685198269728
"216",172.163265306122,4.11428571428571,1.33685198269728
"217",175.040816326531,4.11428571428571,1.34485869414995
"218",177.918367346939,4.11428571428571,1.34491509427689
"219",180.795918367347,4.11428571428571,1.42881721212504
"220",183.673469387755,4.11428571428571,1.45877136211104
"221",186.551020408163,4.11428571428571,1.45970356912158
"222",189.428571428571,4.11428571428571,1.45998538819382
"223",192.30612244898,4.11428571428571,1.45998538819382
"224",195.183673469388,4.11428571428571,1.62804011249982
"225",198.061224489796,4.11428571428571,1.65951739078149
"226",200.938775510204,4.11428571428571,1.66830743186357
"227",203.816326530612,4.11428571428571,1.66979326782286
"228",206.69387755102,4.11428571428571,1.67489091207983
"229",209.571428571429,4.11428571428571,1.76845347564399
"230",212.448979591837,4.11428571428571,1.78838742942521
"231",215.326530612245,4.11428571428571,1.78814808139606
"232",218.204081632653,4.11428571428571,1.82265899007537
"233",221.081632653061,4.11428571428571,1.82431578060449
"234",223.959183673469,4.11428571428571,1.9974141777346
"235",226.836734693878,4.11428571428571,2.03776922483666
"236",229.714285714286,4.11428571428571,2.03882793043988
"237",232.591836734694,4.11428571428571,2.18309123142764
"238",235.469387755102,4.11428571428571,2.18309123142764
"239",238.34693877551,4.11428571428571,2.18314002288423
"240",241.224489795918,4.11428571428571,2.18314002288423
"241",244.102040816327,4.11428571428571,2.18314002288423
"242",246.979591836735,4.11428571428571,2.18314002288423
"243",249.857142857143,4.11428571428571,2.18314002288423
"244",252.734693877551,4.11428571428571,2.18314002288423
"245",255.612244897959,4.11428571428571,2.18314002288423
"246",258.489795918367,4.11428571428571,2.18314002288423
"247",261.367346938776,4.11428571428571,2.18314002288423
"248",264.244897959184,4.11428571428571,2.18314002288423
"249",267.122448979592,4.11428571428571,2.18314002288423
"250",270,4.11428571428571,2.18314002288423
"251",129,4.34285714285714,1.33685198269728
"252",131.877551020408,4.34285714285714,1.33685198269728
"253",134.755102040816,4.34285714285714,1.33685198269728
"254",137.632653061224,4.34285714285714,1.33685198269728
"255",140.510204081633,4.34285714285714,1.33685198269728
"256",143.387755102041,4.34285714285714,1.33685198269728
"257",146.265306122449,4.34285714285714,1.33685198269728
"258",149.142857142857,4.34285714285714,1.33685198269728
"259",152.020408163265,4.34285714285714,1.33685198269728
"260",154.897959183673,4.34285714285714,1.33685198269728
"261",157.775510204082,4.34285714285714,1.33685198269728
"262",160.65306122449,4.34285714285714,1.33685198269728
"263",163.530612244898,4.34285714285714,1.33685198269728
"264",166.408163265306,4.34285714285714,1.33685198269728
"265",169.285714285714,4.34285714285714,1.33685198269728
"266",172.163265306122,4.34285714285714,1.33685198269728
"267",175.040816326531,4.34285714285714,1.34485869414995
"268",177.918367346939,4.34285714285714,1.34491509427689
"269",180.795918367347,4.34285714285714,1.42881721212504
"270",183.673469387755,4.34285714285714,1.45877136211104
"271",186.551020408163,4.34285714285714,1.45970356912158
"272",189.428571428571,4.34285714285714,1.45998538819382
"273",192.30612244898,4.34285714285714,1.45998538819382
"274",195.183673469388,4.34285714285714,1.62804011249982
"275",198.061224489796,4.34285714285714,1.65951739078149
"276",200.938775510204,4.34285714285714,1.66830743186357
"277",203.816326530612,4.34285714285714,1.66979326782286
"278",206.69387755102,4.34285714285714,1.67489091207983
"279",209.571428571429,4.34285714285714,1.76845347564399
"280",212.448979591837,4.34285714285714,1.78838742942521
"281",215.326530612245,4.34285714285714,1.78814808139606
"282",218.204081632653,4.34285714285714,1.82265899007537
"283",221.081632653061,4.34285714285714,1.82431578060449
"284",223.959183673469,4.34285714285714,1.9974141777346
"285",226.836734693878,4.34285714285714,2.03776922483666
"286",229.714285714286,4.34285714285714,2.03882793043988
"287",232.591836734694,4.34285714285714,2.18309123142764
"288",235.469387755102,4.34285714285714,2.18309123142764
"289",238.34693877551,4.34285714285714,2.18314002288423
"290",241.224489795918,4.34285714285714,2.18314002288423
"291",244.102040816327,4.34285714285714,2.18314002288423
"292",246.979591836735,4.34285714285714,2.18314002288423
"293",249.857142857143,4.34285714285714,2.18314002288423
"294",252.734693877551,4.34285714285714,2.18314002288423
"295",255.612244897959,4.34285714285714,2.18314002288423
"296",258.489795918367,4.34285714285714,2.18314002288423
"297",261.367346938776,4.34285714285714,2.18314002288423
"298",264.244897959184,4.34285714285714,2.18314002288423
"299",267.122448979592,4.34285714285714,2.18314002288423
"300",270,4.34285714285714,2.18314002288423
"301",129,4.57142857142857,1.33685198269728
"302",131.877551020408,4.57142857142857,1.33685198269728
"303",134.755102040816,4.57142857142857,1.33685198269728
"304",137.632653061224,4.57142857142857,1.33685198269728
"305",140.510204081633,4.57142857142857,1.33685198269728
"306",143.387755102041,4.57142857142857,1.33685198269728
"307",146.265306122449,4.57142857142857,1.33685198269728
"308",149.142857142857,4.57142857142857,1.33685198269728
"309",152.020408163265,4.57142857142857,1.33685198269728
"310",154.897959183673,4.57142857142857,1.33685198269728
"311",157.775510204082,4.57142857142857,1.33685198269728
"312",160.65306122449,4.57142857142857,1.33685198269728
"313",163.530612244898,4.57142857142857,1.33685198269728
"314",166.408163265306,4.57142857142857,1.33685198269728
"315",169.285714285714,4.57142857142857,1.33685198269728
"316",172.163265306122,4.57142857142857,1.33685198269728
"317",175.040816326531,4.57142857142857,1.34485869414995
"318",177.918367346939,4.57142857142857,1.34491509427689
"319",180.795918367347,4.57142857142857,1.42881721212504
"320",183.673469387755,4.57142857142857,1.45877136211104
"321",186.551020408163,4.57142857142857,1.45970356912158
"322",189.428571428571,4.57142857142857,1.45998538819382
"323",192.30612244898,4.57142857142857,1.45998538819382
"324",195.183673469388,4.57142857142857,1.62804011249982
"325",198.061224489796,4.57142857142857,1.65951739078149
"326",200.938775510204,4.57142857142857,1.66830743186357
"327",203.816326530612,4.57142857142857,1.66979326782286
"328",206.69387755102,4.57142857142857,1.67489091207983
"329",209.571428571429,4.57142857142857,1.76845347564399
"330",212.448979591837,4.57142857142857,1.78838742942521
"331",215.326530612245,4.57142857142857,1.78814808139606
"332",218.204081632653,4.57142857142857,1.82265899007537
"333",221.081632653061,4.57142857142857,1.82431578060449
"334",223.959183673469,4.57142857142857,1.9974141777346
"335",226.836734693878,4.57142857142857,2.03776922483666
"336",229.714285714286,4.57142857142857,2.03882793043988
"337",232.591836734694,4.57142857142857,2.18309123142764
"338",235.469387755102,4.57142857142857,2.18309123142764
"339",238.34693877551,4.57142857142857,2.18314002288423
"340",241.224489795918,4.57142857142857,2.18314002288423
"341",244.102040816327,4.57142857142857,2.18314002288423
"342",246.979591836735,4.57142857142857,2.18314002288423
"343",249.857142857143,4.57142857142857,2.18314002288423
"344",252.734693877551,4.57142857142857,2.18314002288423
"345",255.612244897959,4.57142857142857,2.18314002288423
"346",258.489795918367,4.57142857142857,2.18314002288423
"347",261.367346938776,4.57142857142857,2.18314002288423
"348",264.244897959184,4.57142857142857,2.18314002288423
"349",267.122448979592,4.57142857142857,2.18314002288423
"350",270,4.57142857142857,2.18314002288423
"351",129,4.8,1.33685198269728
"352",131.877551020408,4.8,1.33685198269728
"353",134.755102040816,4.8,1.33685198269728
"354",137.632653061224,4.8,1.33685198269728
"355",140.510204081633,4.8,1.33685198269728
"356",143.387755102041,4.8,1.33685198269728
"357",146.265306122449,4.8,1.33685198269728
"358",149.142857142857,4.8,1.33685198269728
"359",152.020408163265,4.8,1.33685198269728
"360",154.897959183673,4.8,1.33685198269728
"361",157.775510204082,4.8,1.33685198269728
"362",160.65306122449,4.8,1.33685198269728
"363",163.530612244898,4.8,1.33685198269728
"364",166.408163265306,4.8,1.33685198269728
"365",169.285714285714,4.8,1.33685198269728
"366",172.163265306122,4.8,1.33685198269728
"367",175.040816326531,4.8,1.34485869414995
"368",177.918367346939,4.8,1.34491509427689
"369",180.795918367347,4.8,1.42881721212504
"370",183.673469387755,4.8,1.45877136211104
"371",186.551020408163,4.8,1.45970356912158
"372",189.428571428571,4.8,1.45998538819382
"373",192.30612244898,4.8,1.45998538819382
"374",195.183673469388,4.8,1.62804011249982
"375",198.061224489796,4.8,1.65951739078149
"376",200.938775510204,4.8,1.66830743186357
"377",203.816326530612,4.8,1.66979326782286
"378",206.69387755102,4.8,1.67489091207983
"379",209.571428571429,4.8,1.76845347564399
"380",212.448979591837,4.8,1.78838742942521
"381",215.326530612245,4.8,1.78814808139606
"382",218.204081632653,4.8,1.82265899007537
"383",221.081632653061,4.8,1.82431578060449
"384",223.959183673469,4.8,1.9974141777346
"385",226.836734693878,4.8,2.03776922483666
"386",229.714285714286,4.8,2.03882793043988
"387",232.591836734694,4.8,2.18309123142764
"388",235.469387755102,4.8,2.18309123142764
"389",238.34693877551,4.8,2.18314002288423
"390",241.224489795918,4.8,2.18314002288423
"391",244.102040816327,4.8,2.18314002288423
"392",246.979591836735,4.8,2.18314002288423
"393",249.857142857143,4.8,2.18314002288423
"394",252.734693877551,4.8,2.18314002288423
"395",255.612244897959,4.8,2.18314002288423
"396",258.489795918367,4.8,2.18314002288423
"397",261.367346938776,4.8,2.18314002288423
"398",264.244897959184,4.8,2.18314002288423
"399",267.122448979592,4.8,2.18314002288423
"400",270,4.8,2.18314002288423
"401",129,5.02857142857143,1.33685198269728
"402",131.877551020408,5.02857142857143,1.33685198269728
"403",134.755102040816,5.02857142857143,1.33685198269728
"404",137.632653061224,5.02857142857143,1.33685198269728
"405",140.510204081633,5.02857142857143,1.33685198269728
"406",143.387755102041,5.02857142857143,1.33685198269728
"407",146.265306122449,5.02857142857143,1.33685198269728
"408",149.142857142857,5.02857142857143,1.33685198269728
"409",152.020408163265,5.02857142857143,1.33685198269728
"410",154.897959183673,5.02857142857143,1.33685198269728
"411",157.775510204082,5.02857142857143,1.33685198269728
"412",160.65306122449,5.02857142857143,1.33685198269728
"413",163.530612244898,5.02857142857143,1.33685198269728
"414",166.408163265306,5.02857142857143,1.33685198269728
"415",169.285714285714,5.02857142857143,1.33685198269728
"416",172.163265306122,5.02857142857143,1.33685198269728
"417",175.040816326531,5.02857142857143,1.34485869414995
"418",177.918367346939,5.02857142857143,1.34491509427689
"419",180.795918367347,5.02857142857143,1.42881721212504
"420",183.673469387755,5.02857142857143,1.45877136211104
"421",186.551020408163,5.02857142857143,1.45970356912158
"422",189.428571428571,5.02857142857143,1.45998538819382
"423",192.30612244898,5.02857142857143,1.45998538819382
"424",195.183673469388,5.02857142857143,1.62804011249982
"425",198.061224489796,5.02857142857143,1.65951739078149
"426",200.938775510204,5.02857142857143,1.66830743186357
"427",203.816326530612,5.02857142857143,1.66979326782286
"428",206.69387755102,5.02857142857143,1.67489091207983
"429",209.571428571429,5.02857142857143,1.76845347564399
"430",212.448979591837,5.02857142857143,1.78838742942521
"431",215.326530612245,5.02857142857143,1.78814808139606
"432",218.204081632653,5.02857142857143,1.82265899007537
"433",221.081632653061,5.02857142857143,1.82431578060449
"434",223.959183673469,5.02857142857143,1.9974141777346
"435",226.836734693878,5.02857142857143,2.03776922483666
"436",229.714285714286,5.02857142857143,2.03882793043988
"437",232.591836734694,5.02857142857143,2.18309123142764
"438",235.469387755102,5.02857142857143,2.18309123142764
"439",238.34693877551,5.02857142857143,2.18314002288423
"440",241.224489795918,5.02857142857143,2.18314002288423
"441",244.102040816327,5.02857142857143,2.18314002288423
"442",246.979591836735,5.02857142857143,2.18314002288423
"443",249.857142857143,5.02857142857143,2.18314002288423
"444",252.734693877551,5.02857142857143,2.18314002288423
"445",255.612244897959,5.02857142857143,2.18314002288423
"446",258.489795918367,5.02857142857143,2.18314002288423
"447",261.367346938776,5.02857142857143,2.18314002288423
"448",264.244897959184,5.02857142857143,2.18314002288423
"449",267.122448979592,5.02857142857143,2.18314002288423
"450",270,5.02857142857143,2.18314002288423
"451",129,5.25714285714286,1.33685198269728
"452",131.877551020408,5.25714285714286,1.33685198269728
"453",134.755102040816,5.25714285714286,1.33685198269728
"454",137.632653061224,5.25714285714286,1.33685198269728
"455",140.510204081633,5.25714285714286,1.33685198269728
"456",143.387755102041,5.25714285714286,1.33685198269728
"457",146.265306122449,5.25714285714286,1.33685198269728
"458",149.142857142857,5.25714285714286,1.33685198269728
"459",152.020408163265,5.25714285714286,1.33685198269728
"460",154.897959183673,5.25714285714286,1.33685198269728
"461",157.775510204082,5.25714285714286,1.33685198269728
"462",160.65306122449,5.25714285714286,1.33685198269728
"463",163.530612244898,5.25714285714286,1.33685198269728
"464",166.408163265306,5.25714285714286,1.33685198269728
"465",169.285714285714,5.25714285714286,1.33685198269728
"466",172.163265306122,5.25714285714286,1.33685198269728
"467",175.040816326531,5.25714285714286,1.34485869414995
"468",177.918367346939,5.25714285714286,1.34491509427689
"469",180.795918367347,5.25714285714286,1.42881721212504
"470",183.673469387755,5.25714285714286,1.45877136211104
"471",186.551020408163,5.25714285714286,1.45970356912158
"472",189.428571428571,5.25714285714286,1.45998538819382
"473",192.30612244898,5.25714285714286,1.45998538819382
"474",195.183673469388,5.25714285714286,1.62804011249982
"475",198.061224489796,5.25714285714286,1.65951739078149
"476",200.938775510204,5.25714285714286,1.66830743186357
"477",203.816326530612,5.25714285714286,1.66979326782286
"478",206.69387755102,5.25714285714286,1.67489091207983
"479",209.571428571429,5.25714285714286,1.76845347564399
"480",212.448979591837,5.25714285714286,1.78838742942521
"481",215.326530612245,5.25714285714286,1.78814808139606
"482",218.204081632653,5.25714285714286,1.82265899007537
"483",221.081632653061,5.25714285714286,1.82431578060449
"484",223.959183673469,5.25714285714286,1.9974141777346
"485",226.836734693878,5.25714285714286,2.03776922483666
"486",229.714285714286,5.25714285714286,2.03882793043988
"487",232.591836734694,5.25714285714286,2.18309123142764
"488",235.469387755102,5.25714285714286,2.18309123142764
"489",238.34693877551,5.25714285714286,2.18314002288423
"490",241.224489795918,5.25714285714286,2.18314002288423
"491",244.102040816327,5.25714285714286,2.18314002288423
"492",246.979591836735,5.25714285714286,2.18314002288423
"493",249.857142857143,5.25714285714286,2.18314002288423
"494",252.734693877551,5.25714285714286,2.18314002288423
"495",255.612244897959,5.25714285714286,2.18314002288423
"496",258.489795918367,5.25714285714286,2.18314002288423
"497",261.367346938776,5.25714285714286,2.18314002288423
"498",264.244897959184,5.25714285714286,2.18314002288423
"499",267.122448979592,5.25714285714286,2.18314002288423
"500",270,5.25714285714286,2.18314002288423
"501",129,5.48571428571429,1.33685198269728
"502",131.877551020408,5.48571428571429,1.33685198269728
"503",134.755102040816,5.48571428571429,1.33685198269728
"504",137.632653061224,5.48571428571429,1.33685198269728
"505",140.510204081633,5.48571428571429,1.33685198269728
"506",143.387755102041,5.48571428571429,1.33685198269728
"507",146.265306122449,5.48571428571429,1.33685198269728
"508",149.142857142857,5.48571428571429,1.33685198269728
"509",152.020408163265,5.48571428571429,1.33685198269728
"510",154.897959183673,5.48571428571429,1.33685198269728
"511",157.775510204082,5.48571428571429,1.33685198269728
"512",160.65306122449,5.48571428571429,1.33685198269728
"513",163.530612244898,5.48571428571429,1.33685198269728
"514",166.408163265306,5.48571428571429,1.33685198269728
"515",169.285714285714,5.48571428571429,1.33685198269728
"516",172.163265306122,5.48571428571429,1.33685198269728
"517",175.040816326531,5.48571428571429,1.34485869414995
"518",177.918367346939,5.48571428571429,1.34491509427689
"519",180.795918367347,5.48571428571429,1.42881721212504
"520",183.673469387755,5.48571428571429,1.45877136211104
"521",186.551020408163,5.48571428571429,1.45970356912158
"522",189.428571428571,5.48571428571429,1.45998538819382
"523",192.30612244898,5.48571428571429,1.45998538819382
"524",195.183673469388,5.48571428571429,1.62804011249982
"525",198.061224489796,5.48571428571429,1.65951739078149
"526",200.938775510204,5.48571428571429,1.66830743186357
"527",203.816326530612,5.48571428571429,1.66979326782286
"528",206.69387755102,5.48571428571429,1.67489091207983
"529",209.571428571429,5.48571428571429,1.76845347564399
"530",212.448979591837,5.48571428571429,1.78838742942521
"531",215.326530612245,5.48571428571429,1.78814808139606
"532",218.204081632653,5.48571428571429,1.82265899007537
"533",221.081632653061,5.48571428571429,1.82431578060449
"534",223.959183673469,5.48571428571429,1.9974141777346
"535",226.836734693878,5.48571428571429,2.03776922483666
"536",229.714285714286,5.48571428571429,2.03882793043988
"537",232.591836734694,5.48571428571429,2.18309123142764
"538",235.469387755102,5.48571428571429,2.18309123142764
"539",238.34693877551,5.48571428571429,2.18314002288423
"540",241.224489795918,5.48571428571429,2.18314002288423
"541",244.102040816327,5.48571428571429,2.18314002288423
"542",246.979591836735,5.48571428571429,2.18314002288423
"543",249.857142857143,5.48571428571429,2.18314002288423
"544",252.734693877551,5.48571428571429,2.18314002288423
"545",255.612244897959,5.48571428571429,2.18314002288423
"546",258.489795918367,5.48571428571429,2.18314002288423
"547",261.367346938776,5.48571428571429,2.18314002288423
"548",264.244897959184,5.48571428571429,2.18314002288423
"549",267.122448979592,5.48571428571429,2.18314002288423
"550",270,5.48571428571429,2.18314002288423
"551",129,5.71428571428571,1.33686848769522
"552",131.877551020408,5.71428571428571,1.33686848769522
"553",134.755102040816,5.71428571428571,1.33686848769522
"554",137.632653061224,5.71428571428571,1.33686848769522
"555",140.510204081633,5.71428571428571,1.33686848769522
"556",143.387755102041,5.71428571428571,1.33686848769522
"557",146.265306122449,5.71428571428571,1.33686848769522
"558",149.142857142857,5.71428571428571,1.33686848769522
"559",152.020408163265,5.71428571428571,1.33686848769522
"560",154.897959183673,5.71428571428571,1.33686848769522
"561",157.775510204082,5.71428571428571,1.33686848769522
"562",160.65306122449,5.71428571428571,1.33686848769522
"563",163.530612244898,5.71428571428571,1.33686848769522
"564",166.408163265306,5.71428571428571,1.33686848769522
"565",169.285714285714,5.71428571428571,1.33686848769522
"566",172.163265306122,5.71428571428571,1.33686848769522
"567",175.040816326531,5.71428571428571,1.3448751991479
"568",177.918367346939,5.71428571428571,1.34493159927484
"569",180.795918367347,5.71428571428571,1.42883371712299
"570",183.673469387755,5.71428571428571,1.45878786710898
"571",186.551020408163,5.71428571428571,1.45972007411952
"572",189.428571428571,5.71428571428571,1.46000189319177
"573",192.30612244898,5.71428571428571,1.46000189319177
"574",195.183673469388,5.71428571428571,1.62805661749776
"575",198.061224489796,5.71428571428571,1.65953389577943
"576",200.938775510204,5.71428571428571,1.66832393686152
"577",203.816326530612,5.71428571428571,1.6698097728208
"578",206.69387755102,5.71428571428571,1.67490741707777
"579",209.571428571429,5.71428571428571,1.76854391084438
"580",212.448979591837,5.71428571428571,1.7884778646256
"581",215.326530612245,5.71428571428571,1.78823851659645
"582",218.204081632653,5.71428571428571,1.82274942527576
"583",221.081632653061,5.71428571428571,1.82440621580487
"584",223.959183673469,5.71428571428571,1.99750461293498
"585",226.836734693878,5.71428571428571,2.03785966003704
"586",229.714285714286,5.71428571428571,2.03891836564026
"587",232.591836734694,5.71428571428571,2.18318166662803
"588",235.469387755102,5.71428571428571,2.18318166662803
"589",238.34693877551,5.71428571428571,2.18323045808461
"590",241.224489795918,5.71428571428571,2.18323045808461
"591",244.102040816327,5.71428571428571,2.18323045808461
"592",246.979591836735,5.71428571428571,2.18323045808461
"593",249.857142857143,5.71428571428571,2.18323045808461
"594",252.734693877551,5.71428571428571,2.18323045808461
"595",255.612244897959,5.71428571428571,2.18323045808461
"596",258.489795918367,5.71428571428571,2.18323045808461
"597",261.367346938776,5.71428571428571,2.18323045808461
"598",264.244897959184,5.71428571428571,2.18323045808461
"599",267.122448979592,5.71428571428571,2.18323045808461
"600",270,5.71428571428571,2.18323045808461
"601",129,5.94285714285714,1.33709144167578
"602",131.877551020408,5.94285714285714,1.33709144167578
"603",134.755102040816,5.94285714285714,1.33709144167578
"604",137.632653061224,5.94285714285714,1.33709144167578
"605",140.510204081633,5.94285714285714,1.33709144167578
"606",143.387755102041,5.94285714285714,1.33709144167578
"607",146.265306122449,5.94285714285714,1.33709144167578
"608",149.142857142857,5.94285714285714,1.33709144167578
"609",152.020408163265,5.94285714285714,1.33709144167578
"610",154.897959183673,5.94285714285714,1.33709144167578
"611",157.775510204082,5.94285714285714,1.33709144167578
"612",160.65306122449,5.94285714285714,1.33709144167578
"613",163.530612244898,5.94285714285714,1.33709144167578
"614",166.408163265306,5.94285714285714,1.33709144167578
"615",169.285714285714,5.94285714285714,1.33709144167578
"616",172.163265306122,5.94285714285714,1.33709144167578
"617",175.040816326531,5.94285714285714,1.34509815312846
"618",177.918367346939,5.94285714285714,1.34515455325539
"619",180.795918367347,5.94285714285714,1.42905667110354
"620",183.673469387755,5.94285714285714,1.45901082108954
"621",186.551020408163,5.94285714285714,1.45994302810008
"622",189.428571428571,5.94285714285714,1.46022484717232
"623",192.30612244898,5.94285714285714,1.46022484717232
"624",195.183673469388,5.94285714285714,1.62827957147832
"625",198.061224489796,5.94285714285714,1.65975684975999
"626",200.938775510204,5.94285714285714,1.66854689084207
"627",203.816326530612,5.94285714285714,1.67003272680136
"628",206.69387755102,5.94285714285714,1.67513037105833
"629",209.571428571429,5.94285714285714,1.76887416559019
"630",212.448979591837,5.94285714285714,1.78880811937141
"631",215.326530612245,5.94285714285714,1.78856877134227
"632",218.204081632653,5.94285714285714,1.82307968002158
"633",221.081632653061,5.94285714285714,1.82473647055069
"634",223.959183673469,5.94285714285714,1.9978348676808
"635",226.836734693878,5.94285714285714,2.03818991478286
"636",229.714285714286,5.94285714285714,2.03919571033831
"637",232.591836734694,5.94285714285714,2.18345901132607
"638",235.469387755102,5.94285714285714,2.18345901132607
"639",238.34693877551,5.94285714285714,2.18350780278266
"640",241.224489795918,5.94285714285714,2.18350780278266
"641",244.102040816327,5.94285714285714,2.18350780278266
"642",246.979591836735,5.94285714285714,2.18350780278266
"643",249.857142857143,5.94285714285714,2.18350780278266
"644",252.734693877551,5.94285714285714,2.18350780278266
"645",255.612244897959,5.94285714285714,2.18350780278266
"646",258.489795918367,5.94285714285714,2.18350780278266
"647",261.367346938776,5.94285714285714,2.18350780278266
"648",264.244897959184,5.94285714285714,2.18350780278266
"649",267.122448979592,5.94285714285714,2.18350780278266
"650",270,5.94285714285714,2.18350780278266
"651",129,6.17142857142857,1.34111196743905
"652",131.877551020408,6.17142857142857,1.34111196743905
"653",134.755102040816,6.17142857142857,1.34111196743905
"654",137.632653061224,6.17142857142857,1.34111196743905
"655",140.510204081633,6.17142857142857,1.34111196743905
"656",143.387755102041,6.17142857142857,1.34111196743905
"657",146.265306122449,6.17142857142857,1.34111196743905
"658",149.142857142857,6.17142857142857,1.34111196743905
"659",152.020408163265,6.17142857142857,1.34111196743905
"660",154.897959183673,6.17142857142857,1.34111196743905
"661",157.775510204082,6.17142857142857,1.34111196743905
"662",160.65306122449,6.17142857142857,1.34111196743905
"663",163.530612244898,6.17142857142857,1.34111196743905
"664",166.408163265306,6.17142857142857,1.34111196743905
"665",169.285714285714,6.17142857142857,1.34111196743905
"666",172.163265306122,6.17142857142857,1.34111196743905
"667",175.040816326531,6.17142857142857,1.34911867889172
"668",177.918367346939,6.17142857142857,1.34917507901866
"669",180.795918367347,6.17142857142857,1.43307719686681
"670",183.673469387755,6.17142857142857,1.46303134685281
"671",186.551020408163,6.17142857142857,1.46396355386334
"672",189.428571428571,6.17142857142857,1.46424537293559
"673",192.30612244898,6.17142857142857,1.46424537293559
"674",195.183673469388,6.17142857142857,1.63230009724159
"675",198.061224489796,6.17142857142857,1.66377737552326
"676",200.938775510204,6.17142857142857,1.67256741660534
"677",203.816326530612,6.17142857142857,1.67405325256463
"678",206.69387755102,6.17142857142857,1.67915089682159
"679",209.571428571429,6.17142857142857,1.77294210226796
"680",212.448979591837,6.17142857142857,1.79287605604918
"681",215.326530612245,6.17142857142857,1.79263670802003
"682",218.204081632653,6.17142857142857,1.82714761669934
"683",221.081632653061,6.17142857142857,1.82880440722845
"684",223.959183673469,6.17142857142857,2.00190280435855
"685",226.836734693878,6.17142857142857,2.04225785146062
"686",229.714285714286,6.17142857142857,2.04326364701608
"687",232.591836734694,6.17142857142857,2.18752694800384
"688",235.469387755102,6.17142857142857,2.18752694800384
"689",238.34693877551,6.17142857142857,2.18757573946042
"690",241.224489795918,6.17142857142857,2.18757573946042
"691",244.102040816327,6.17142857142857,2.18757573946042
"692",246.979591836735,6.17142857142857,2.18757573946042
"693",249.857142857143,6.17142857142857,2.18757573946042
"694",252.734693877551,6.17142857142857,2.18757573946042
"695",255.612244897959,6.17142857142857,2.18757573946042
"696",258.489795918367,6.17142857142857,2.18757573946042
"697",261.367346938776,6.17142857142857,2.18757573946042
"698",264.244897959184,6.17142857142857,2.18757573946042
"699",267.122448979592,6.17142857142857,2.18757573946042
"700",270,6.17142857142857,2.18757573946042
"701",129,6.4,1.33857906499465
"702",131.877551020408,6.4,1.33857906499465
"703",134.755102040816,6.4,1.33857906499465
"704",137.632653061224,6.4,1.33857906499465
"705",140.510204081633,6.4,1.33857906499465
"706",143.387755102041,6.4,1.33857906499465
"707",146.265306122449,6.4,1.33857906499465
"708",149.142857142857,6.4,1.33857906499465
"709",152.020408163265,6.4,1.33857906499465
"710",154.897959183673,6.4,1.33857906499465
"711",157.775510204082,6.4,1.33857906499465
"712",160.65306122449,6.4,1.33857906499465
"713",163.530612244898,6.4,1.33857906499465
"714",166.408163265306,6.4,1.33857906499465
"715",169.285714285714,6.4,1.33857906499465
"716",172.163265306122,6.4,1.33857906499465
"717",175.040816326531,6.4,1.34658577644733
"718",177.918367346939,6.4,1.34664217657427
"719",180.795918367347,6.4,1.43054429442242
"720",183.673469387755,6.4,1.46049844440841
"721",186.551020408163,6.4,1.46143065141895
"722",189.428571428571,6.4,1.4617124704912
"723",192.30612244898,6.4,1.4617124704912
"724",195.183673469388,6.4,1.62991778328753
"725",198.061224489796,6.4,1.6614554284569
"726",200.938775510204,6.4,1.67024546953898
"727",203.816326530612,6.4,1.6716784638626
"728",206.69387755102,6.4,1.67677610811957
"729",209.571428571429,6.4,1.77061690711641
"730",212.448979591837,6.4,1.79055086089763
"731",215.326530612245,6.4,1.79031151286848
"732",218.204081632653,6.4,1.82482242154779
"733",221.081632653061,6.4,1.82647921207691
"734",223.959183673469,6.4,1.99957760920701
"735",226.836734693878,6.4,2.04006568069801
"736",229.714285714286,6.4,2.04107147625346
"737",232.591836734694,6.4,2.18533477724122
"738",235.469387755102,6.4,2.18533477724122
"739",238.34693877551,6.4,2.1853835686978
"740",241.224489795918,6.4,2.1853835686978
"741",244.102040816327,6.4,2.1853835686978
"742",246.979591836735,6.4,2.1853835686978
"743",249.857142857143,6.4,2.1853835686978
"744",252.734693877551,6.4,2.1853835686978
"745",255.612244897959,6.4,2.1853835686978
"746",258.489795918367,6.4,2.1853835686978
"747",261.367346938776,6.4,2.1853835686978
"748",264.244897959184,6.4,2.1853835686978
"749",267.122448979592,6.4,2.1853835686978
"750",270,6.4,2.1853835686978
"751",129,6.62857142857143,1.33840744518033
"752",131.877551020408,6.62857142857143,1.33840744518033
"753",134.755102040816,6.62857142857143,1.33840744518033
"754",137.632653061224,6.62857142857143,1.33840744518033
"755",140.510204081633,6.62857142857143,1.33840744518033
"756",143.387755102041,6.62857142857143,1.33840744518033
"757",146.265306122449,6.62857142857143,1.33840744518033
"758",149.142857142857,6.62857142857143,1.33840744518033
"759",152.020408163265,6.62857142857143,1.33840744518033
"760",154.897959183673,6.62857142857143,1.33840744518033
"761",157.775510204082,6.62857142857143,1.33840744518033
"762",160.65306122449,6.62857142857143,1.33840744518033
"763",163.530612244898,6.62857142857143,1.33840744518033
"764",166.408163265306,6.62857142857143,1.33840744518033
"765",169.285714285714,6.62857142857143,1.33840744518033
"766",172.163265306122,6.62857142857143,1.33840744518033
"767",175.040816326531,6.62857142857143,1.346414156633
"768",177.918367346939,6.62857142857143,1.34647055675994
"769",180.795918367347,6.62857142857143,1.43037267460809
"770",183.673469387755,6.62857142857143,1.46032682459409
"771",186.551020408163,6.62857142857143,1.46125903160462
"772",189.428571428571,6.62857142857143,1.46154085067687
"773",192.30612244898,6.62857142857143,1.46154085067687
"774",195.183673469388,6.62857142857143,1.62974616347321
"775",198.061224489796,6.62857142857143,1.66128380864257
"776",200.938775510204,6.62857142857143,1.67007384972466
"777",203.816326530612,6.62857142857143,1.67150684404827
"778",206.69387755102,6.62857142857143,1.67660448830524
"779",209.571428571429,6.62857142857143,1.77044528730208
"780",212.448979591837,6.62857142857143,1.7903792410833
"781",215.326530612245,6.62857142857143,1.79013989305416
"782",218.204081632653,6.62857142857143,1.82465080173347
"783",221.081632653061,6.62857142857143,1.82630759226258
"784",223.959183673469,6.62857142857143,1.99940598939269
"785",226.836734693878,6.62857142857143,2.03989406088368
"786",229.714285714286,6.62857142857143,2.04089985643914
"787",232.591836734694,6.62857142857143,2.18516315742689
"788",235.469387755102,6.62857142857143,2.18516315742689
"789",238.34693877551,6.62857142857143,2.18521194888348
"790",241.224489795918,6.62857142857143,2.18521194888348
"791",244.102040816327,6.62857142857143,2.18521194888348
"792",246.979591836735,6.62857142857143,2.18521194888348
"793",249.857142857143,6.62857142857143,2.18521194888348
"794",252.734693877551,6.62857142857143,2.18521194888348
"795",255.612244897959,6.62857142857143,2.18521194888348
"796",258.489795918367,6.62857142857143,2.18521194888348
"797",261.367346938776,6.62857142857143,2.18521194888348
"798",264.244897959184,6.62857142857143,2.18521194888348
"799",267.122448979592,6.62857142857143,2.18521194888348
"800",270,6.62857142857143,2.18521194888348
"801",129,6.85714285714286,1.33470031758388
"802",131.877551020408,6.85714285714286,1.33470031758388
"803",134.755102040816,6.85714285714286,1.33470031758388
"804",137.632653061224,6.85714285714286,1.33470031758388
"805",140.510204081633,6.85714285714286,1.33470031758388
"806",143.387755102041,6.85714285714286,1.33470031758388
"807",146.265306122449,6.85714285714286,1.33470031758388
"808",149.142857142857,6.85714285714286,1.33470031758388
"809",152.020408163265,6.85714285714286,1.33470031758388
"810",154.897959183673,6.85714285714286,1.33470031758388
"811",157.775510204082,6.85714285714286,1.33470031758388
"812",160.65306122449,6.85714285714286,1.33470031758388
"813",163.530612244898,6.85714285714286,1.33470031758388
"814",166.408163265306,6.85714285714286,1.33470031758388
"815",169.285714285714,6.85714285714286,1.33470031758388
"816",172.163265306122,6.85714285714286,1.33470031758388
"817",175.040816326531,6.85714285714286,1.34270702903655
"818",177.918367346939,6.85714285714286,1.34276342916349
"819",180.795918367347,6.85714285714286,1.42666554701164
"820",183.673469387755,6.85714285714286,1.45661969699764
"821",186.551020408163,6.85714285714286,1.45755190400818
"822",189.428571428571,6.85714285714286,1.45783372308042
"823",192.30612244898,6.85714285714286,1.45783372308042
"824",195.183673469388,6.85714285714286,1.6265211761298
"825",198.061224489796,6.85714285714286,1.65822566718734
"826",200.938775510204,6.85714285714286,1.66705045726606
"827",203.816326530612,6.85714285714286,1.66848345158968
"828",206.69387755102,6.85714285714286,1.67358109584664
"829",209.571428571429,6.85714285714286,1.76748613631848
"830",212.448979591837,6.85714285714286,1.7874200900997
"831",215.326530612245,6.85714285714286,1.78718074207056
"832",218.204081632653,6.85714285714286,1.82169165074987
"833",221.081632653061,6.85714285714286,1.82334844127898
"834",223.959183673469,6.85714285714286,1.99675649082388
"835",226.836734693878,6.85714285714286,2.03724456231488
"836",229.714285714286,6.85714285714286,2.03818079673838
"837",232.591836734694,6.85714285714286,2.18253937959687
"838",235.469387755102,6.85714285714286,2.18253937959687
"839",238.34693877551,6.85714285714286,2.18258817105345
"840",241.224489795918,6.85714285714286,2.18258817105345
"841",244.102040816327,6.85714285714286,2.18258817105345
"842",246.979591836735,6.85714285714286,2.18258817105345
"843",249.857142857143,6.85714285714286,2.18258817105345
"844",252.734693877551,6.85714285714286,2.18258817105345
"845",255.612244897959,6.85714285714286,2.18258817105345
"846",258.489795918367,6.85714285714286,2.18258817105345
"847",261.367346938776,6.85714285714286,2.18258817105345
"848",264.244897959184,6.85714285714286,2.18258817105345
"849",267.122448979592,6.85714285714286,2.18258817105345
"850",270,6.85714285714286,2.18258817105345
"851",129,7.08571428571429,1.33494951788333
"852",131.877551020408,7.08571428571429,1.33494951788333
"853",134.755102040816,7.08571428571429,1.33494951788333
"854",137.632653061224,7.08571428571429,1.33494951788333
"855",140.510204081633,7.08571428571429,1.33494951788333
"856",143.387755102041,7.08571428571429,1.33494951788333
"857",146.265306122449,7.08571428571429,1.33494951788333
"858",149.142857142857,7.08571428571429,1.33494951788333
"859",152.020408163265,7.08571428571429,1.33494951788333
"860",154.897959183673,7.08571428571429,1.33494951788333
"861",157.775510204082,7.08571428571429,1.33494951788333
"862",160.65306122449,7.08571428571429,1.33494951788333
"863",163.530612244898,7.08571428571429,1.33494951788333
"864",166.408163265306,7.08571428571429,1.33494951788333
"865",169.285714285714,7.08571428571429,1.33494951788333
"866",172.163265306122,7.08571428571429,1.33494951788333
"867",175.040816326531,7.08571428571429,1.34295622933601
"868",177.918367346939,7.08571428571429,1.34301262946295
"869",180.795918367347,7.08571428571429,1.4269147473111
"870",183.673469387755,7.08571428571429,1.45686889729709
"871",186.551020408163,7.08571428571429,1.45780110430763
"872",189.428571428571,7.08571428571429,1.45808292337988
"873",192.30612244898,7.08571428571429,1.45808292337988
"874",195.183673469388,7.08571428571429,1.62724065132673
"875",198.061224489796,7.08571428571429,1.65926786684214
"876",200.938775510204,7.08571428571429,1.66813262579746
"877",203.816326530612,7.08571428571429,1.66956562012108
"878",206.69387755102,7.08571428571429,1.67466326437805
"879",209.571428571429,7.08571428571429,1.76856830484989
"880",212.448979591837,7.08571428571429,1.78850225863111
"881",215.326530612245,7.08571428571429,1.78826291060196
"882",218.204081632653,7.08571428571429,1.82265578920262
"883",221.081632653061,7.08571428571429,1.82431257973173
"884",223.959183673469,7.08571428571429,1.99772062927664
"885",226.836734693878,7.08571428571429,2.03820870076763
"886",229.714285714286,7.08571428571429,2.03906236919367
"887",232.591836734694,7.08571428571429,2.18347066803966
"888",235.469387755102,7.08571428571429,2.18347066803966
"889",238.34693877551,7.08571428571429,2.18351945949624
"890",241.224489795918,7.08571428571429,2.18351945949624
"891",244.102040816327,7.08571428571429,2.18351945949624
"892",246.979591836735,7.08571428571429,2.18351945949624
"893",249.857142857143,7.08571428571429,2.18351945949624
"894",252.734693877551,7.08571428571429,2.18351945949624
"895",255.612244897959,7.08571428571429,2.18351945949624
"896",258.489795918367,7.08571428571429,2.18351945949624
"897",261.367346938776,7.08571428571429,2.18351945949624
"898",264.244897959184,7.08571428571429,2.18351945949624
"899",267.122448979592,7.08571428571429,2.18351945949624
"900",270,7.08571428571429,2.18351945949624
"901",129,7.31428571428571,1.32570205802004
"902",131.877551020408,7.31428571428571,1.32570205802004
"903",134.755102040816,7.31428571428571,1.32570205802004
"904",137.632653061224,7.31428571428571,1.32570205802004
"905",140.510204081633,7.31428571428571,1.32570205802004
"906",143.387755102041,7.31428571428571,1.32570205802004
"907",146.265306122449,7.31428571428571,1.32570205802004
"908",149.142857142857,7.31428571428571,1.32570205802004
"909",152.020408163265,7.31428571428571,1.32570205802004
"910",154.897959183673,7.31428571428571,1.32570205802004
"911",157.775510204082,7.31428571428571,1.32570205802004
"912",160.65306122449,7.31428571428571,1.32570205802004
"913",163.530612244898,7.31428571428571,1.32570205802004
"914",166.408163265306,7.31428571428571,1.32570205802004
"915",169.285714285714,7.31428571428571,1.32570205802004
"916",172.163265306122,7.31428571428571,1.32570205802004
"917",175.040816326531,7.31428571428571,1.33370876947272
"918",177.918367346939,7.31428571428571,1.33376516959966
"919",180.795918367347,7.31428571428571,1.4176672874478
"920",183.673469387755,7.31428571428571,1.4476214374338
"921",186.551020408163,7.31428571428571,1.44855364444434
"922",189.428571428571,7.31428571428571,1.44883546351659
"923",192.30612244898,7.31428571428571,1.44883546351659
"924",195.183673469388,7.31428571428571,1.61836607234122
"925",198.061224489796,7.31428571428571,1.65113278403845
"926",200.938775510204,7.31428571428571,1.65999754299377
"927",203.816326530612,7.31428571428571,1.66143053731739
"928",206.69387755102,7.31428571428571,1.66652818157435
"929",209.571428571429,7.31428571428571,1.76059728912983
"930",212.448979591837,7.31428571428571,1.78053124291105
"931",215.326530612245,7.31428571428571,1.7802918948819
"932",218.204081632653,7.31428571428571,1.8147151703091
"933",221.081632653061,7.31428571428571,1.81637196083821
"934",223.959183673469,7.31428571428571,1.98978001038312
"935",226.836734693878,7.31428571428571,2.0303320650571
"936",229.714285714286,7.31428571428571,2.03118573348313
"937",232.591836734694,7.31428571428571,2.17571727156574
"938",235.469387755102,7.31428571428571,2.17571727156574
"939",238.34693877551,7.31428571428571,2.17576606302232
"940",241.224489795918,7.31428571428571,2.17576606302232
"941",244.102040816327,7.31428571428571,2.17576606302232
"942",246.979591836735,7.31428571428571,2.17576606302232
"943",249.857142857143,7.31428571428571,2.17576606302232
"944",252.734693877551,7.31428571428571,2.17576606302232
"945",255.612244897959,7.31428571428571,2.17576606302232
"946",258.489795918367,7.31428571428571,2.17576606302232
"947",261.367346938776,7.31428571428571,2.17576606302232
"948",264.244897959184,7.31428571428571,2.17576606302232
"949",267.122448979592,7.31428571428571,2.17576606302232
"950",270,7.31428571428571,2.17576606302232
"951",129,7.54285714285714,1.32610858489434
"952",131.877551020408,7.54285714285714,1.32610858489434
"953",134.755102040816,7.54285714285714,1.32610858489434
"954",137.632653061224,7.54285714285714,1.32610858489434
"955",140.510204081633,7.54285714285714,1.32610858489434
"956",143.387755102041,7.54285714285714,1.32610858489434
"957",146.265306122449,7.54285714285714,1.32610858489434
"958",149.142857142857,7.54285714285714,1.32610858489434
"959",152.020408163265,7.54285714285714,1.32610858489434
"960",154.897959183673,7.54285714285714,1.32610858489434
"961",157.775510204082,7.54285714285714,1.32610858489434
"962",160.65306122449,7.54285714285714,1.32610858489434
"963",163.530612244898,7.54285714285714,1.32610858489434
"964",166.408163265306,7.54285714285714,1.32610858489434
"965",169.285714285714,7.54285714285714,1.32610858489434
"966",172.163265306122,7.54285714285714,1.32610858489434
"967",175.040816326531,7.54285714285714,1.33411529634702
"968",177.918367346939,7.54285714285714,1.33417169647396
"969",180.795918367347,7.54285714285714,1.41807381432211
"970",183.673469387755,7.54285714285714,1.4480279643081
"971",186.551020408163,7.54285714285714,1.44896017131864
"972",189.428571428571,7.54285714285714,1.44924199039089
"973",192.30612244898,7.54285714285714,1.44924199039089
"974",195.183673469388,7.54285714285714,1.61877259921552
"975",198.061224489796,7.54285714285714,1.65153931091275
"976",200.938775510204,7.54285714285714,1.66040406986807
"977",203.816326530612,7.54285714285714,1.66183706419169
"978",206.69387755102,7.54285714285714,1.66693470844865
"979",209.571428571429,7.54285714285714,1.76100381600413
"980",212.448979591837,7.54285714285714,1.78093776978535
"981",215.326530612245,7.54285714285714,1.7806984217562
"982",218.204081632653,7.54285714285714,1.8151216971834
"983",221.081632653061,7.54285714285714,1.81677848771251
"984",223.959183673469,7.54285714285714,1.99018653725742
"985",226.836734693878,7.54285714285714,2.0307385919314
"986",229.714285714286,7.54285714285714,2.03159226035743
"987",232.591836734694,7.54285714285714,2.17612379844004
"988",235.469387755102,7.54285714285714,2.17612379844004
"989",238.34693877551,7.54285714285714,2.17617258989662
"990",241.224489795918,7.54285714285714,2.17617258989662
"991",244.102040816327,7.54285714285714,2.17617258989662
"992",246.979591836735,7.54285714285714,2.17617258989662
"993",249.857142857143,7.54285714285714,2.17617258989662
"994",252.734693877551,7.54285714285714,2.17617258989662
"995",255.612244897959,7.54285714285714,2.17617258989662
"996",258.489795918367,7.54285714285714,2.17617258989662
"997",261.367346938776,7.54285714285714,2.17617258989662
"998",264.244897959184,7.54285714285714,2.17617258989662
"999",267.122448979592,7.54285714285714,2.17617258989662
"1000",270,7.54285714285714,2.17617258989662
"1001",129,7.77142857142857,1.32397397288278
"1002",131.877551020408,7.77142857142857,1.32397397288278
"1003",134.755102040816,7.77142857142857,1.32397397288278
"1004",137.632653061224,7.77142857142857,1.32397397288278
"1005",140.510204081633,7.77142857142857,1.32397397288278
"1006",143.387755102041,7.77142857142857,1.32397397288278
"1007",146.265306122449,7.77142857142857,1.32397397288278
"1008",149.142857142857,7.77142857142857,1.32397397288278
"1009",152.020408163265,7.77142857142857,1.32397397288278
"1010",154.897959183673,7.77142857142857,1.32397397288278
"1011",157.775510204082,7.77142857142857,1.32397397288278
"1012",160.65306122449,7.77142857142857,1.32397397288278
"1013",163.530612244898,7.77142857142857,1.32397397288278
"1014",166.408163265306,7.77142857142857,1.32397397288278
"1015",169.285714285714,7.77142857142857,1.32397397288278
"1016",172.163265306122,7.77142857142857,1.32397397288278
"1017",175.040816326531,7.77142857142857,1.33198068433545
"1018",177.918367346939,7.77142857142857,1.33203708446239
"1019",180.795918367347,7.77142857142857,1.41593920231054
"1020",183.673469387755,7.77142857142857,1.44589335229654
"1021",186.551020408163,7.77142857142857,1.44682555930707
"1022",189.428571428571,7.77142857142857,1.44710737837932
"1023",192.30612244898,7.77142857142857,1.44710737837932
"1024",195.183673469388,7.77142857142857,1.61663798720396
"1025",198.061224489796,7.77142857142857,1.64940469890118
"1026",200.938775510204,7.77142857142857,1.6582694578565
"1027",203.816326530612,7.77142857142857,1.65970245218012
"1028",206.69387755102,7.77142857142857,1.66480009643709
"1029",209.571428571429,7.77142857142857,1.75886920399256
"1030",212.448979591837,7.77142857142857,1.77880315777378
"1031",215.326530612245,7.77142857142857,1.77856380974464
"1032",218.204081632653,7.77142857142857,1.81298708517183
"1033",221.081632653061,7.77142857142857,1.81472104584069
"1034",223.959183673469,7.77142857142857,1.9881290953856
"1035",226.836734693878,7.77142857142857,2.02868115005958
"1036",229.714285714286,7.77142857142857,2.02953481848561
"1037",232.591836734694,7.77142857142857,2.17406635656821
"1038",235.469387755102,7.77142857142857,2.17406635656821
"1039",238.34693877551,7.77142857142857,2.1741151480248
"1040",241.224489795918,7.77142857142857,2.1741151480248
"1041",244.102040816327,7.77142857142857,2.1741151480248
"1042",246.979591836735,7.77142857142857,2.1741151480248
"1043",249.857142857143,7.77142857142857,2.1741151480248
"1044",252.734693877551,7.77142857142857,2.1741151480248
"1045",255.612244897959,7.77142857142857,2.1741151480248
"1046",258.489795918367,7.77142857142857,2.1741151480248
"1047",261.367346938776,7.77142857142857,2.1741151480248
"1048",264.244897959184,7.77142857142857,2.1741151480248
"1049",267.122448979592,7.77142857142857,2.1741151480248
"1050",270,7.77142857142857,2.1741151480248
"1051",129,8,1.32120835113186
"1052",131.877551020408,8,1.32120835113186
"1053",134.755102040816,8,1.32120835113186
"1054",137.632653061224,8,1.32120835113186
"1055",140.510204081633,8,1.32120835113186
"1056",143.387755102041,8,1.32120835113186
"1057",146.265306122449,8,1.32120835113186
"1058",149.142857142857,8,1.32120835113186
"1059",152.020408163265,8,1.32120835113186
"1060",154.897959183673,8,1.32120835113186
"1061",157.775510204082,8,1.32120835113186
"1062",160.65306122449,8,1.32120835113186
"1063",163.530612244898,8,1.32120835113186
"1064",166.408163265306,8,1.32120835113186
"1065",169.285714285714,8,1.32120835113186
"1066",172.163265306122,8,1.32120835113186
"1067",175.040816326531,8,1.32921506258453
"1068",177.918367346939,8,1.32927146271147
"1069",180.795918367347,8,1.41317358055962
"1070",183.673469387755,8,1.44312773054562
"1071",186.551020408163,8,1.44405993755615
"1072",189.428571428571,8,1.4443417566284
"1073",192.30612244898,8,1.4443417566284
"1074",195.183673469388,8,1.61387236545303
"1075",198.061224489796,8,1.64663907715026
"1076",200.938775510204,8,1.65550383610558
"1077",203.816326530612,8,1.6569368304292
"1078",206.69387755102,8,1.66203447468617
"1079",209.571428571429,8,1.75635812467564
"1080",212.448979591837,8,1.77629207845686
"1081",215.326530612245,8,1.77605273042771
"1082",218.204081632653,8,1.81047600585491
"1083",221.081632653061,8,1.81220996652377
"1084",223.959183673469,8,1.98576945384914
"1085",226.836734693878,8,2.02632150852312
"1086",229.714285714286,8,2.02717517694915
"1087",232.591836734694,8,2.17170671503176
"1088",235.469387755102,8,2.17170671503176
"1089",238.34693877551,8,2.17175550648834
"1090",241.224489795918,8,2.17175550648834
"1091",244.102040816327,8,2.17175550648834
"1092",246.979591836735,8,2.17175550648834
"1093",249.857142857143,8,2.17175550648834
"1094",252.734693877551,8,2.17175550648834
"1095",255.612244897959,8,2.17175550648834
"1096",258.489795918367,8,2.17175550648834
"1097",261.367346938776,8,2.17175550648834
"1098",264.244897959184,8,2.17175550648834
"1099",267.122448979592,8,2.17175550648834
"1100",270,8,2.17175550648834
"1101",129,8.22857142857143,1.31869064022502
"1102",131.877551020408,8.22857142857143,1.31869064022502
"1103",134.755102040816,8.22857142857143,1.31869064022502
"1104",137.632653061224,8.22857142857143,1.31869064022502
"1105",140.510204081633,8.22857142857143,1.31869064022502
"1106",143.387755102041,8.22857142857143,1.31869064022502
"1107",146.265306122449,8.22857142857143,1.31869064022502
"1108",149.142857142857,8.22857142857143,1.31869064022502
"1109",152.020408163265,8.22857142857143,1.31869064022502
"1110",154.897959183673,8.22857142857143,1.31869064022502
"1111",157.775510204082,8.22857142857143,1.31869064022502
"1112",160.65306122449,8.22857142857143,1.31869064022502
"1113",163.530612244898,8.22857142857143,1.31869064022502
"1114",166.408163265306,8.22857142857143,1.31869064022502
"1115",169.285714285714,8.22857142857143,1.31869064022502
"1116",172.163265306122,8.22857142857143,1.31869064022502
"1117",175.040816326531,8.22857142857143,1.32669735167769
"1118",177.918367346939,8.22857142857143,1.32675375180463
"1119",180.795918367347,8.22857142857143,1.41065586965278
"1120",183.673469387755,8.22857142857143,1.44061001963877
"1121",186.551020408163,8.22857142857143,1.44154222664931
"1122",189.428571428571,8.22857142857143,1.44182404572156
"1123",192.30612244898,8.22857142857143,1.44182404572156
"1124",195.183673469388,8.22857142857143,1.61135465454619
"1125",198.061224489796,8.22857142857143,1.64412136624342
"1126",200.938775510204,8.22857142857143,1.65298612519874
"1127",203.816326530612,8.22857142857143,1.65441911952236
"1128",206.69387755102,8.22857142857143,1.65951676377933
"1129",209.571428571429,8.22857142857143,1.7538404137688
"1130",212.448979591837,8.22857142857143,1.77377436755002
"1131",215.326530612245,8.22857142857143,1.77353501952087
"1132",218.204081632653,8.22857142857143,1.80795829494807
"1133",221.081632653061,8.22857142857143,1.80969225561693
"1134",223.959183673469,8.22857142857143,1.9832517429423
"1135",226.836734693878,8.22857142857143,2.02380379761628
"1136",229.714285714286,8.22857142857143,2.02465746604232
"1137",232.591836734694,8.22857142857143,2.16918900412492
"1138",235.469387755102,8.22857142857143,2.16918900412492
"1139",238.34693877551,8.22857142857143,2.1692377955815
"1140",241.224489795918,8.22857142857143,2.1692377955815
"1141",244.102040816327,8.22857142857143,2.1692377955815
"1142",246.979591836735,8.22857142857143,2.1692377955815
"1143",249.857142857143,8.22857142857143,2.1692377955815
"1144",252.734693877551,8.22857142857143,2.1692377955815
"1145",255.612244897959,8.22857142857143,2.1692377955815
"1146",258.489795918367,8.22857142857143,2.1692377955815
"1147",261.367346938776,8.22857142857143,2.1692377955815
"1148",264.244897959184,8.22857142857143,2.1692377955815
"1149",267.122448979592,8.22857142857143,2.1692377955815
"1150",270,8.22857142857143,2.1692377955815
"1151",129,8.45714285714286,1.30302216546876
"1152",131.877551020408,8.45714285714286,1.30302216546876
"1153",134.755102040816,8.45714285714286,1.30302216546876
"1154",137.632653061224,8.45714285714286,1.30302216546876
"1155",140.510204081633,8.45714285714286,1.30302216546876
"1156",143.387755102041,8.45714285714286,1.30302216546876
"1157",146.265306122449,8.45714285714286,1.30302216546876
"1158",149.142857142857,8.45714285714286,1.30302216546876
"1159",152.020408163265,8.45714285714286,1.30302216546876
"1160",154.897959183673,8.45714285714286,1.30302216546876
"1161",157.775510204082,8.45714285714286,1.30302216546876
"1162",160.65306122449,8.45714285714286,1.30302216546876
"1163",163.530612244898,8.45714285714286,1.30302216546876
"1164",166.408163265306,8.45714285714286,1.30302216546876
"1165",169.285714285714,8.45714285714286,1.30302216546876
"1166",172.163265306122,8.45714285714286,1.30302216546876
"1167",175.040816326531,8.45714285714286,1.31102887692144
"1168",177.918367346939,8.45714285714286,1.31108527704838
"1169",180.795918367347,8.45714285714286,1.39498739489652
"1170",183.673469387755,8.45714285714286,1.42494154488252
"1171",186.551020408163,8.45714285714286,1.42587375189306
"1172",189.428571428571,8.45714285714286,1.42615557096531
"1173",192.30612244898,8.45714285714286,1.42615557096531
"1174",195.183673469388,8.45714285714286,1.59568617978994
"1175",198.061224489796,8.45714285714286,1.62845289148717
"1176",200.938775510204,8.45714285714286,1.63731765044249
"1177",203.816326530612,8.45714285714286,1.63875064476611
"1178",206.69387755102,8.45714285714286,1.64384828902307
"1179",209.571428571429,8.45714285714286,1.73901778385712
"1180",212.448979591837,8.45714285714286,1.75947942744888
"1181",215.326530612245,8.45714285714286,1.75924007941973
"1182",218.204081632653,8.45714285714286,1.79438663801554
"1183",221.081632653061,8.45714285714286,1.79612059868439
"1184",223.959183673469,8.45714285714286,1.96997514503112
"1185",226.836734693878,8.45714285714286,2.01084325266715
"1186",229.714285714286,8.45714285714286,2.01181286615021
"1187",232.591836734694,8.45714285714286,2.15651206822216
"1188",235.469387755102,8.45714285714286,2.15651206822216
"1189",238.34693877551,8.45714285714286,2.15656085967874
"1190",241.224489795918,8.45714285714286,2.15656085967874
"1191",244.102040816327,8.45714285714286,2.15656085967874
"1192",246.979591836735,8.45714285714286,2.15656085967874
"1193",249.857142857143,8.45714285714286,2.15656085967874
"1194",252.734693877551,8.45714285714286,2.15656085967874
"1195",255.612244897959,8.45714285714286,2.15656085967874
"1196",258.489795918367,8.45714285714286,2.15656085967874
"1197",261.367346938776,8.45714285714286,2.15656085967874
"1198",264.244897959184,8.45714285714286,2.15656085967874
"1199",267.122448979592,8.45714285714286,2.15656085967874
"1200",270,8.45714285714286,2.15656085967874
"1201",129,8.68571428571429,1.31536431969462
"1202",131.877551020408,8.68571428571429,1.31536431969462
"1203",134.755102040816,8.68571428571429,1.31536431969462
"1204",137.632653061224,8.68571428571429,1.31536431969462
"1205",140.510204081633,8.68571428571429,1.31536431969462
"1206",143.387755102041,8.68571428571429,1.31536431969462
"1207",146.265306122449,8.68571428571429,1.31536431969462
"1208",149.142857142857,8.68571428571429,1.31536431969462
"1209",152.020408163265,8.68571428571429,1.31536431969462
"1210",154.897959183673,8.68571428571429,1.31536431969462
"1211",157.775510204082,8.68571428571429,1.31536431969462
"1212",160.65306122449,8.68571428571429,1.31536431969462
"1213",163.530612244898,8.68571428571429,1.31536431969462
"1214",166.408163265306,8.68571428571429,1.31536431969462
"1215",169.285714285714,8.68571428571429,1.31536431969462
"1216",172.163265306122,8.68571428571429,1.31536431969462
"1217",175.040816326531,8.68571428571429,1.3233710311473
"1218",177.918367346939,8.68571428571429,1.32342743127424
"1219",180.795918367347,8.68571428571429,1.40709159001749
"1220",183.673469387755,8.68571428571429,1.43698339786444
"1221",186.551020408163,8.68571428571429,1.43791560487498
"1222",189.428571428571,8.68571428571429,1.43819742394723
"1223",192.30612244898,8.68571428571429,1.43819742394723
"1224",195.183673469388,8.68571428571429,1.60772803277186
"1225",198.061224489796,8.68571428571429,1.64049474446909
"1226",200.938775510204,8.68571428571429,1.64935950342441
"1227",203.816326530612,8.68571428571429,1.65079249774803
"1228",206.69387755102,8.68571428571429,1.65589014200499
"1229",209.571428571429,8.68571428571429,1.75164565402689
"1230",212.448979591837,8.68571428571429,1.7722809653594
"1231",215.326530612245,8.68571428571429,1.77204161733025
"1232",218.204081632653,8.68571428571429,1.80740992838315
"1233",221.081632653061,8.68571428571429,1.809143889052
"1234",223.959183673469,8.68571428571429,1.98284505303757
"1235",226.836734693878,8.68571428571429,2.0239354826912
"1236",229.714285714286,8.68571428571429,2.02490509617427
"1237",232.591836734694,8.68571428571429,2.1696420018797
"1238",235.469387755102,8.68571428571429,2.1696420018797
"1239",238.34693877551,8.68571428571429,2.16969079333628
"1240",241.224489795918,8.68571428571429,2.16969079333628
"1241",244.102040816327,8.68571428571429,2.16969079333628
"1242",246.979591836735,8.68571428571429,2.16969079333628
"1243",249.857142857143,8.68571428571429,2.16969079333628
"1244",252.734693877551,8.68571428571429,2.16969079333628
"1245",255.612244897959,8.68571428571429,2.16969079333628
"1246",258.489795918367,8.68571428571429,2.16969079333628
"1247",261.367346938776,8.68571428571429,2.16969079333628
"1248",264.244897959184,8.68571428571429,2.16969079333628
"1249",267.122448979592,8.68571428571429,2.16969079333628
"1250",270,8.68571428571429,2.16969079333628
"1251",129,8.91428571428571,1.14162331424557
"1252",131.877551020408,8.91428571428571,1.14162331424557
"1253",134.755102040816,8.91428571428571,1.14162331424557
"1254",137.632653061224,8.91428571428571,1.14162331424557
"1255",140.510204081633,8.91428571428571,1.14162331424557
"1256",143.387755102041,8.91428571428571,1.14162331424557
"1257",146.265306122449,8.91428571428571,1.14162331424557
"1258",149.142857142857,8.91428571428571,1.14162331424557
"1259",152.020408163265,8.91428571428571,1.14162331424557
"1260",154.897959183673,8.91428571428571,1.14162331424557
"1261",157.775510204082,8.91428571428571,1.14162331424557
"1262",160.65306122449,8.91428571428571,1.14162331424557
"1263",163.530612244898,8.91428571428571,1.14162331424557
"1264",166.408163265306,8.91428571428571,1.14162331424557
"1265",169.285714285714,8.91428571428571,1.14162331424557
"1266",172.163265306122,8.91428571428571,1.14162331424557
"1267",175.040816326531,8.91428571428571,1.14933100941466
"1268",177.918367346939,8.91428571428571,1.1493874095416
"1269",180.795918367347,8.91428571428571,1.21976591222135
"1270",183.673469387755,8.91428571428571,1.24256563353724
"1271",186.551020408163,8.91428571428571,1.24295505953866
"1272",189.428571428571,8.91428571428571,1.2432368786109
"1273",192.30612244898,8.91428571428571,1.2432368786109
"1274",195.183673469388,8.91428571428571,1.4037858123043
"1275",198.061224489796,8.91428571428571,1.43613946393592
"1276",200.938775510204,8.91428571428571,1.44500422289124
"1277",203.816326530612,8.91428571428571,1.44605467961891
"1278",206.69387755102,8.91428571428571,1.44638029393576
"1279",209.571428571429,8.91428571428571,1.54155607364831
"1280",212.448979591837,8.91428571428571,1.55994647820575
"1281",215.326530612245,8.91428571428571,1.55961155549847
"1282",218.204081632653,8.91428571428571,1.59557107094437
"1283",221.081632653061,8.91428571428571,1.59718267124
"1284",223.959183673469,8.91428571428571,1.77410521500221
"1285",226.836734693878,8.91428571428571,1.81621121572525
"1286",229.714285714286,8.91428571428571,1.81734398665141
"1287",232.591836734694,8.91428571428571,1.96744030960271
"1288",235.469387755102,8.91428571428571,1.96744030960271
"1289",238.34693877551,8.91428571428571,1.96748910105929
"1290",241.224489795918,8.91428571428571,1.96748910105929
"1291",244.102040816327,8.91428571428571,1.96748910105929
"1292",246.979591836735,8.91428571428571,1.96748910105929
"1293",249.857142857143,8.91428571428571,1.96748910105929
"1294",252.734693877551,8.91428571428571,1.96748910105929
"1295",255.612244897959,8.91428571428571,1.96748910105929
"1296",258.489795918367,8.91428571428571,1.96748910105929
"1297",261.367346938776,8.91428571428571,1.96748910105929
"1298",264.244897959184,8.91428571428571,1.96748910105929
"1299",267.122448979592,8.91428571428571,1.96748910105929
"1300",270,8.91428571428571,1.96748910105929
"1301",129,9.14285714285714,1.16654601961139
"1302",131.877551020408,9.14285714285714,1.16654601961139
"1303",134.755102040816,9.14285714285714,1.16654601961139
"1304",137.632653061224,9.14285714285714,1.16654601961139
"1305",140.510204081633,9.14285714285714,1.16654601961139
"1306",143.387755102041,9.14285714285714,1.16654601961139
"1307",146.265306122449,9.14285714285714,1.16654601961139
"1308",149.142857142857,9.14285714285714,1.16654601961139
"1309",152.020408163265,9.14285714285714,1.16654601961139
"1310",154.897959183673,9.14285714285714,1.16654601961139
"1311",157.775510204082,9.14285714285714,1.16654601961139
"1312",160.65306122449,9.14285714285714,1.16654601961139
"1313",163.530612244898,9.14285714285714,1.16654601961139
"1314",166.408163265306,9.14285714285714,1.16654601961139
"1315",169.285714285714,9.14285714285714,1.16654601961139
"1316",172.163265306122,9.14285714285714,1.16654601961139
"1317",175.040816326531,9.14285714285714,1.17425371478048
"1318",177.918367346939,9.14285714285714,1.17431011490741
"1319",180.795918367347,9.14285714285714,1.24408256736187
"1320",183.673469387755,9.14285714285714,1.26645823808548
"1321",186.551020408163,9.14285714285714,1.2668476640869
"1322",189.428571428571,9.14285714285714,1.26712948315914
"1323",192.30612244898,9.14285714285714,1.26712948315914
"1324",195.183673469388,9.14285714285714,1.42754318967584
"1325",198.061224489796,9.14285714285714,1.45989684130746
"1326",200.938775510204,9.14285714285714,1.46876160026278
"1327",203.816326530612,9.14285714285714,1.46981205699045
"1328",206.69387755102,9.14285714285714,1.4701376713073
"1329",209.571428571429,9.14285714285714,1.56521703807948
"1330",212.448979591837,9.14285714285714,1.58360744263693
"1331",215.326530612245,9.14285714285714,1.58337636801024
"1332",218.204081632653,9.14285714285714,1.62000406233564
"1333",221.081632653061,9.14285714285714,1.62161566263127
"1334",223.959183673469,9.14285714285714,1.79864908146529
"1335",226.836734693878,9.14285714285714,1.84104523872551
"1336",229.714285714286,9.14285714285714,1.84217800965168
"1337",232.591836734694,9.14285714285714,1.99660315749113
"1338",235.469387755102,9.14285714285714,1.99660315749113
"1339",238.34693877551,9.14285714285714,1.99665194894772
"1340",241.224489795918,9.14285714285714,1.99665194894772
"1341",244.102040816327,9.14285714285714,1.99665194894772
"1342",246.979591836735,9.14285714285714,1.99665194894772
"1343",249.857142857143,9.14285714285714,1.99665194894772
"1344",252.734693877551,9.14285714285714,1.99665194894772
"1345",255.612244897959,9.14285714285714,1.99665194894772
"1346",258.489795918367,9.14285714285714,1.99665194894772
"1347",261.367346938776,9.14285714285714,1.99665194894772
"1348",264.244897959184,9.14285714285714,1.99665194894772
"1349",267.122448979592,9.14285714285714,1.99665194894772
"1350",270,9.14285714285714,1.99665194894772
"1351",129,9.37142857142857,1.03299889895266
"1352",131.877551020408,9.37142857142857,1.03299889895266
"1353",134.755102040816,9.37142857142857,1.03299889895266
"1354",137.632653061224,9.37142857142857,1.03299889895266
"1355",140.510204081633,9.37142857142857,1.03299889895266
"1356",143.387755102041,9.37142857142857,1.03299889895266
"1357",146.265306122449,9.37142857142857,1.03299889895266
"1358",149.142857142857,9.37142857142857,1.03299889895266
"1359",152.020408163265,9.37142857142857,1.03299889895266
"1360",154.897959183673,9.37142857142857,1.03299889895266
"1361",157.775510204082,9.37142857142857,1.03299889895266
"1362",160.65306122449,9.37142857142857,1.03299889895266
"1363",163.530612244898,9.37142857142857,1.03299889895266
"1364",166.408163265306,9.37142857142857,1.03299889895266
"1365",169.285714285714,9.37142857142857,1.03299889895266
"1366",172.163265306122,9.37142857142857,1.03299889895266
"1367",175.040816326531,9.37142857142857,1.04042693187881
"1368",177.918367346939,9.37142857142857,1.04048333200575
"1369",180.795918367347,9.37142857142857,1.10437972932736
"1370",183.673469387755,9.37142857142857,1.12326546981845
"1371",186.551020408163,9.37142857142857,1.12365489581986
"1372",189.428571428571,9.37142857142857,1.12393671489211
"1373",192.30612244898,9.37142857142857,1.12393671489211
"1374",195.183673469388,9.37142857142857,1.2823139957532
"1375",198.061224489796,9.37142857142857,1.31452219211624
"1376",200.938775510204,9.37142857142857,1.32338695107156
"1377",203.816326530612,9.37142857142857,1.32443740779923
"1378",206.69387755102,9.37142857142857,1.32369012358337
"1379",209.571428571429,9.37142857142857,1.41879240730274
"1380",212.448979591837,9.37142857142857,1.43232058005473
"1381",215.326530612245,9.37142857142857,1.43208950542804
"1382",218.204081632653,9.37142857142857,1.46933946909577
"1383",221.081632653061,9.37142857142857,1.47076866109521
"1384",223.959183673469,9.37142857142857,1.64614735976541
"1385",226.836734693878,9.37142857142857,1.68821779752631
"1386",229.714285714286,9.37142857142857,1.68935056845247
"1387",232.591836734694,9.37142857142857,1.84440202126299
"1388",235.469387755102,9.37142857142857,1.84440202126299
"1389",238.34693877551,9.37142857142857,1.84445081271957
"1390",241.224489795918,9.37142857142857,1.84445081271957
"1391",244.102040816327,9.37142857142857,1.84445081271957
"1392",246.979591836735,9.37142857142857,1.84445081271957
"1393",249.857142857143,9.37142857142857,1.84445081271957
"1394",252.734693877551,9.37142857142857,1.84445081271957
"1395",255.612244897959,9.37142857142857,1.84445081271957
"1396",258.489795918367,9.37142857142857,1.84445081271957
"1397",261.367346938776,9.37142857142857,1.84445081271957
"1398",264.244897959184,9.37142857142857,1.84445081271957
"1399",267.122448979592,9.37142857142857,1.84445081271957
"1400",270,9.37142857142857,1.84445081271957
"1401",129,9.6,1.02468444208438
"1402",131.877551020408,9.6,1.02468444208438
"1403",134.755102040816,9.6,1.02468444208438
"1404",137.632653061224,9.6,1.02468444208438
"1405",140.510204081633,9.6,1.02468444208438
"1406",143.387755102041,9.6,1.02468444208438
"1407",146.265306122449,9.6,1.02468444208438
"1408",149.142857142857,9.6,1.02468444208438
"1409",152.020408163265,9.6,1.02468444208438
"1410",154.897959183673,9.6,1.02468444208438
"1411",157.775510204082,9.6,1.02468444208438
"1412",160.65306122449,9.6,1.02468444208438
"1413",163.530612244898,9.6,1.02468444208438
"1414",166.408163265306,9.6,1.02468444208438
"1415",169.285714285714,9.6,1.02468444208438
"1416",172.163265306122,9.6,1.02468444208438
"1417",175.040816326531,9.6,1.03211247501053
"1418",177.918367346939,9.6,1.03216887513747
"1419",180.795918367347,9.6,1.09606527245908
"1420",183.673469387755,9.6,1.11454663765196
"1421",186.551020408163,9.6,1.11493606365337
"1422",189.428571428571,9.6,1.11521788272562
"1423",192.30612244898,9.6,1.11521788272562
"1424",195.183673469388,9.6,1.27348379041582
"1425",198.061224489796,9.6,1.30569198677886
"1426",200.938775510204,9.6,1.31455674573419
"1427",203.816326530612,9.6,1.31560720246185
"1428",206.69387755102,9.6,1.314859918246
"1429",209.571428571429,9.6,1.40970658992511
"1430",212.448979591837,9.6,1.42260218513828
"1431",215.326530612245,9.6,1.42237111051159
"1432",218.204081632653,9.6,1.45996265970001
"1433",221.081632653061,9.6,1.46139185169945
"1434",223.959183673469,9.6,1.63677055036965
"1435",226.836734693878,9.6,1.67884098813055
"1436",229.714285714286,9.6,1.67997375905671
"1437",232.591836734694,9.6,1.83514856066124
"1438",235.469387755102,9.6,1.83514856066124
"1439",238.34693877551,9.6,1.83519735211783
"1440",241.224489795918,9.6,1.83519735211783
"1441",244.102040816327,9.6,1.83519735211783
"1442",246.979591836735,9.6,1.83519735211783
"1443",249.857142857143,9.6,1.83519735211783
"1444",252.734693877551,9.6,1.83519735211783
"1445",255.612244897959,9.6,1.83519735211783
"1446",258.489795918367,9.6,1.83519735211783
"1447",261.367346938776,9.6,1.83519735211783
"1448",264.244897959184,9.6,1.83519735211783
"1449",267.122448979592,9.6,1.83519735211783
"1450",270,9.6,1.83519735211783
"1451",129,9.82857142857143,1.08224696350689
"1452",131.877551020408,9.82857142857143,1.08224696350689
"1453",134.755102040816,9.82857142857143,1.08224696350689
"1454",137.632653061224,9.82857142857143,1.08224696350689
"1455",140.510204081633,9.82857142857143,1.08224696350689
"1456",143.387755102041,9.82857142857143,1.08224696350689
"1457",146.265306122449,9.82857142857143,1.08224696350689
"1458",149.142857142857,9.82857142857143,1.08224696350689
"1459",152.020408163265,9.82857142857143,1.08224696350689
"1460",154.897959183673,9.82857142857143,1.08224696350689
"1461",157.775510204082,9.82857142857143,1.08224696350689
"1462",160.65306122449,9.82857142857143,1.08224696350689
"1463",163.530612244898,9.82857142857143,1.08224696350689
"1464",166.408163265306,9.82857142857143,1.08224696350689
"1465",169.285714285714,9.82857142857143,1.08224696350689
"1466",172.163265306122,9.82857142857143,1.08224696350689
"1467",175.040816326531,9.82857142857143,1.08967499643304
"1468",177.918367346939,9.82857142857143,1.08973139655998
"1469",180.795918367347,9.82857142857143,1.15362779388159
"1470",183.673469387755,9.82857142857143,1.17210915907447
"1471",186.551020408163,9.82857142857143,1.17249858507588
"1472",189.428571428571,9.82857142857143,1.17278040414813
"1473",192.30612244898,9.82857142857143,1.17278040414813
"1474",195.183673469388,9.82857142857143,1.33093912048843
"1475",198.061224489796,9.82857142857143,1.36314731685147
"1476",200.938775510204,9.82857142857143,1.37201207580679
"1477",203.816326530612,9.82857142857143,1.37306253253446
"1478",206.69387755102,9.82857142857143,1.37231524831861
"1479",209.571428571429,9.82857142857143,1.46724234700669
"1480",212.448979591837,9.82857142857143,1.47997561535773
"1481",215.326530612245,9.82857142857143,1.47974454073104
"1482",218.204081632653,9.82857142857143,1.51733608991946
"1483",221.081632653061,9.82857142857143,1.51876528191891
"1484",223.959183673469,9.82857142857143,1.6941439805891
"1485",226.836734693878,9.82857142857143,1.73613070161113
"1486",229.714285714286,9.82857142857143,1.73718370172263
"1487",232.591836734694,9.82857142857143,1.89229620538326
"1488",235.469387755102,9.82857142857143,1.89229620538326
"1489",238.34693877551,9.82857142857143,1.89234499683984
"1490",241.224489795918,9.82857142857143,1.89234499683984
"1491",244.102040816327,9.82857142857143,1.89234499683984
"1492",246.979591836735,9.82857142857143,1.89234499683984
"1493",249.857142857143,9.82857142857143,1.89234499683984
"1494",252.734693877551,9.82857142857143,1.89234499683984
"1495",255.612244897959,9.82857142857143,1.89234499683984
"1496",258.489795918367,9.82857142857143,1.89234499683984
"1497",261.367346938776,9.82857142857143,1.89234499683984
"1498",264.244897959184,9.82857142857143,1.89234499683984
"1499",267.122448979592,9.82857142857143,1.89234499683984
"1500",270,9.82857142857143,1.89234499683984
"1501",129,10.0571428571429,1.07902456242443
"1502",131.877551020408,10.0571428571429,1.07902456242443
"1503",134.755102040816,10.0571428571429,1.07902456242443
"1504",137.632653061224,10.0571428571429,1.07902456242443
"1505",140.510204081633,10.0571428571429,1.07902456242443
"1506",143.387755102041,10.0571428571429,1.07902456242443
"1507",146.265306122449,10.0571428571429,1.07902456242443
"1508",149.142857142857,10.0571428571429,1.07902456242443
"1509",152.020408163265,10.0571428571429,1.07902456242443
"1510",154.897959183673,10.0571428571429,1.07902456242443
"1511",157.775510204082,10.0571428571429,1.07902456242443
"1512",160.65306122449,10.0571428571429,1.07902456242443
"1513",163.530612244898,10.0571428571429,1.07902456242443
"1514",166.408163265306,10.0571428571429,1.07902456242443
"1515",169.285714285714,10.0571428571429,1.07902456242443
"1516",172.163265306122,10.0571428571429,1.07902456242443
"1517",175.040816326531,10.0571428571429,1.08645259535058
"1518",177.918367346939,10.0571428571429,1.08650899547752
"1519",180.795918367347,10.0571428571429,1.15013302140475
"1520",183.673469387755,10.0571428571429,1.16819143117765
"1521",186.551020408163,10.0571428571429,1.16858085717907
"1522",189.428571428571,10.0571428571429,1.16886267625131
"1523",192.30612244898,10.0571428571429,1.16886267625131
"1524",195.183673469388,10.0571428571429,1.32694183899576
"1525",198.061224489796,10.0571428571429,1.3591500353588
"1526",200.938775510204,10.0571428571429,1.36801479431412
"1527",203.816326530612,10.0571428571429,1.36906525104179
"1528",206.69387755102,10.0571428571429,1.36831796682593
"1529",209.571428571429,10.0571428571429,1.4631377989613
"1530",212.448979591837,10.0571428571429,1.47587106731235
"1531",215.326530612245,10.0571428571429,1.47563999268566
"1532",218.204081632653,10.0571428571429,1.51329902594339
"1533",221.081632653061,10.0571428571429,1.5148676684491
"1534",223.959183673469,10.0571428571429,1.69035192194237
"1535",226.836734693878,10.0571428571429,1.73244753290497
"1536",229.714285714286,10.0571428571429,1.73350053301647
"1537",232.591836734694,10.0571428571429,1.88869669376554
"1538",235.469387755102,10.0571428571429,1.88869669376554
"1539",238.34693877551,10.0571428571429,1.88874548522213
"1540",241.224489795918,10.0571428571429,1.88874548522213
"1541",244.102040816327,10.0571428571429,1.88874548522213
"1542",246.979591836735,10.0571428571429,1.88874548522213
"1543",249.857142857143,10.0571428571429,1.88874548522213
"1544",252.734693877551,10.0571428571429,1.88874548522213
"1545",255.612244897959,10.0571428571429,1.88874548522213
"1546",258.489795918367,10.0571428571429,1.88874548522213
"1547",261.367346938776,10.0571428571429,1.88874548522213
"1548",264.244897959184,10.0571428571429,1.88874548522213
"1549",267.122448979592,10.0571428571429,1.88874548522213
"1550",270,10.0571428571429,1.88874548522213
"1551",129,10.2857142857143,1.06041619874518
"1552",131.877551020408,10.2857142857143,1.06041619874518
"1553",134.755102040816,10.2857142857143,1.06041619874518
"1554",137.632653061224,10.2857142857143,1.06041619874518
"1555",140.510204081633,10.2857142857143,1.06041619874518
"1556",143.387755102041,10.2857142857143,1.06041619874518
"1557",146.265306122449,10.2857142857143,1.06041619874518
"1558",149.142857142857,10.2857142857143,1.06041619874518
"1559",152.020408163265,10.2857142857143,1.06041619874518
"1560",154.897959183673,10.2857142857143,1.06041619874518
"1561",157.775510204082,10.2857142857143,1.06041619874518
"1562",160.65306122449,10.2857142857143,1.06041619874518
"1563",163.530612244898,10.2857142857143,1.06041619874518
"1564",166.408163265306,10.2857142857143,1.06041619874518
"1565",169.285714285714,10.2857142857143,1.06041619874518
"1566",172.163265306122,10.2857142857143,1.06041619874518
"1567",175.040816326531,10.2857142857143,1.06784423167133
"1568",177.918367346939,10.2857142857143,1.06790063179827
"1569",180.795918367347,10.2857142857143,1.1309642003541
"1570",183.673469387755,10.2857142857143,1.14785921176717
"1571",186.551020408163,10.2857142857143,1.14824863776859
"1572",189.428571428571,10.2857142857143,1.14853045684084
"1573",192.30612244898,10.2857142857143,1.14853045684084
"1574",195.183673469388,10.2857142857143,1.3062555941571
"1575",198.061224489796,10.2857142857143,1.33846379052014
"1576",200.938775510204,10.2857142857143,1.34732854947546
"1577",203.816326530612,10.2857142857143,1.34837900620313
"1578",206.69387755102,10.2857142857143,1.34763172198727
"1579",209.571428571429,10.2857142857143,1.44082781408869
"1580",212.448979591837,10.2857142857143,1.45332090235573
"1581",215.326530612245,10.2857142857143,1.45308982772904
"1582",218.204081632653,10.2857142857143,1.49074886098677
"1583",221.081632653061,10.2857142857143,1.49231750349248
"1584",223.959183673469,10.2857142857143,1.66753993140247
"1585",226.836734693878,10.2857142857143,1.70955092698042
"1586",229.714285714286,10.2857142857143,1.71060392709192
"1587",232.591836734694,10.2857142857143,1.86626621630582
"1588",235.469387755102,10.2857142857143,1.86626621630582
"1589",238.34693877551,10.2857142857143,1.8663150077624
"1590",241.224489795918,10.2857142857143,1.8663150077624
"1591",244.102040816327,10.2857142857143,1.8663150077624
"1592",246.979591836735,10.2857142857143,1.8663150077624
"1593",249.857142857143,10.2857142857143,1.8663150077624
"1594",252.734693877551,10.2857142857143,1.8663150077624
"1595",255.612244897959,10.2857142857143,1.8663150077624
"1596",258.489795918367,10.2857142857143,1.8663150077624
"1597",261.367346938776,10.2857142857143,1.8663150077624
"1598",264.244897959184,10.2857142857143,1.8663150077624
"1599",267.122448979592,10.2857142857143,1.8663150077624
"1600",270,10.2857142857143,1.8663150077624
"1601",129,10.5142857142857,1.10350272219094
"1602",131.877551020408,10.5142857142857,1.10350272219094
"1603",134.755102040816,10.5142857142857,1.10350272219094
"1604",137.632653061224,10.5142857142857,1.10350272219094
"1605",140.510204081633,10.5142857142857,1.10350272219094
"1606",143.387755102041,10.5142857142857,1.10350272219094
"1607",146.265306122449,10.5142857142857,1.10350272219094
"1608",149.142857142857,10.5142857142857,1.10350272219094
"1609",152.020408163265,10.5142857142857,1.10350272219094
"1610",154.897959183673,10.5142857142857,1.10350272219094
"1611",157.775510204082,10.5142857142857,1.10350272219094
"1612",160.65306122449,10.5142857142857,1.10350272219094
"1613",163.530612244898,10.5142857142857,1.10350272219094
"1614",166.408163265306,10.5142857142857,1.10350272219094
"1615",169.285714285714,10.5142857142857,1.10350272219094
"1616",172.163265306122,10.5142857142857,1.10350272219094
"1617",175.040816326531,10.5142857142857,1.11093075511709
"1618",177.918367346939,10.5142857142857,1.1110426217291
"1619",180.795918367347,10.5142857142857,1.17410619028493
"1620",183.673469387755,10.5142857142857,1.191001201698
"1621",186.551020408163,10.5142857142857,1.19139062769942
"1622",189.428571428571,10.5142857142857,1.19167244677167
"1623",192.30612244898,10.5142857142857,1.19167244677167
"1624",195.183673469388,10.5142857142857,1.34947649226354
"1625",198.061224489796,10.5142857142857,1.38168468862658
"1626",200.938775510204,10.5142857142857,1.3905494475819
"1627",203.816326530612,10.5142857142857,1.39159990430957
"1628",206.69387755102,10.5142857142857,1.39080723729186
"1629",209.571428571429,10.5142857142857,1.48381580049817
"1630",212.448979591837,10.5142857142857,1.49630888876521
"1631",215.326530612245,10.5142857142857,1.49614652731019
"1632",218.204081632653,10.5142857142857,1.53380556056792
"1633",221.081632653061,10.5142857142857,1.53537420307363
"1634",223.959183673469,10.5142857142857,1.71059663098362
"1635",226.836734693878,10.5142857142857,1.75236132582882
"1636",229.714285714286,10.5142857142857,1.75333344047442
"1637",232.591836734694,10.5142857142857,1.90898717764065
"1638",235.469387755102,10.5142857142857,1.90898717764065
"1639",238.34693877551,10.5142857142857,1.90903596909724
"1640",241.224489795918,10.5142857142857,1.90903596909724
"1641",244.102040816327,10.5142857142857,1.90903596909724
"1642",246.979591836735,10.5142857142857,1.90903596909724
"1643",249.857142857143,10.5142857142857,1.90903596909724
"1644",252.734693877551,10.5142857142857,1.90903596909724
"1645",255.612244897959,10.5142857142857,1.90903596909724
"1646",258.489795918367,10.5142857142857,1.90903596909724
"1647",261.367346938776,10.5142857142857,1.90903596909724
"1648",264.244897959184,10.5142857142857,1.90903596909724
"1649",267.122448979592,10.5142857142857,1.90903596909724
"1650",270,10.5142857142857,1.90903596909724
"1651",129,10.7428571428571,0.952604243849536
"1652",131.877551020408,10.7428571428571,0.952604243849536
"1653",134.755102040816,10.7428571428571,0.952604243849536
"1654",137.632653061224,10.7428571428571,0.952604243849536
"1655",140.510204081633,10.7428571428571,0.952604243849536
"1656",143.387755102041,10.7428571428571,0.952604243849536
"1657",146.265306122449,10.7428571428571,0.952604243849536
"1658",149.142857142857,10.7428571428571,0.952604243849536
"1659",152.020408163265,10.7428571428571,0.952604243849536
"1660",154.897959183673,10.7428571428571,0.952604243849536
"1661",157.775510204082,10.7428571428571,0.952604243849536
"1662",160.65306122449,10.7428571428571,0.952604243849536
"1663",163.530612244898,10.7428571428571,0.952604243849536
"1664",166.408163265306,10.7428571428571,0.952604243849536
"1665",169.285714285714,10.7428571428571,0.952604243849536
"1666",172.163265306122,10.7428571428571,0.952604243849536
"1667",175.040816326531,10.7428571428571,0.958719457554334
"1668",177.918367346939,10.7428571428571,0.958831324166345
"1669",180.795918367347,10.7428571428571,1.01816365132168
"1670",183.673469387755,10.7428571428571,1.03292131927316
"1671",186.551020408163,10.7428571428571,1.03331074527458
"1672",189.428571428571,10.7428571428571,1.03359256434682
"1673",192.30612244898,10.7428571428571,1.03359256434682
"1674",195.183673469388,10.7428571428571,1.1859146824259
"1675",198.061224489796,10.7428571428571,1.21812287878894
"1676",200.938775510204,10.7428571428571,1.22637668573705
"1677",203.816326530612,10.7428571428571,1.22742714246472
"1678",206.69387755102,10.7428571428571,1.22663447544701
"1679",209.571428571429,10.7428571428571,1.3164846241938
"1680",212.448979591837,10.7428571428571,1.32891852004304
"1681",215.326530612245,10.7428571428571,1.32875615858802
"1682",218.204081632653,10.7428571428571,1.36628122584888
"1683",221.081632653061,10.7428571428571,1.36784986835459
"1684",223.959183673469,10.7428571428571,1.54185232744961
"1685",226.836734693878,10.7428571428571,1.58287689673013
"1686",229.714285714286,10.7428571428571,1.58384901137573
"1687",232.591836734694,10.7428571428571,1.74245745813593
"1688",235.469387755102,10.7428571428571,1.74245745813593
"1689",238.34693877551,10.7428571428571,1.74250624959251
"1690",241.224489795918,10.7428571428571,1.74250624959251
"1691",244.102040816327,10.7428571428571,1.74250624959251
"1692",246.979591836735,10.7428571428571,1.74250624959251
"1693",249.857142857143,10.7428571428571,1.74250624959251
"1694",252.734693877551,10.7428571428571,1.74250624959251
"1695",255.612244897959,10.7428571428571,1.74250624959251
"1696",258.489795918367,10.7428571428571,1.74250624959251
"1697",261.367346938776,10.7428571428571,1.74250624959251
"1698",264.244897959184,10.7428571428571,1.74250624959251
"1699",267.122448979592,10.7428571428571,1.74250624959251
"1700",270,10.7428571428571,1.74250624959251
"1701",129,10.9714285714286,0.893288900082927
"1702",131.877551020408,10.9714285714286,0.893288900082927
"1703",134.755102040816,10.9714285714286,0.893288900082927
"1704",137.632653061224,10.9714285714286,0.893288900082927
"1705",140.510204081633,10.9714285714286,0.893288900082927
"1706",143.387755102041,10.9714285714286,0.893288900082927
"1707",146.265306122449,10.9714285714286,0.893288900082927
"1708",149.142857142857,10.9714285714286,0.893288900082927
"1709",152.020408163265,10.9714285714286,0.893288900082927
"1710",154.897959183673,10.9714285714286,0.893288900082927
"1711",157.775510204082,10.9714285714286,0.893288900082927
"1712",160.65306122449,10.9714285714286,0.893288900082927
"1713",163.530612244898,10.9714285714286,0.893288900082927
"1714",166.408163265306,10.9714285714286,0.893288900082927
"1715",169.285714285714,10.9714285714286,0.893288900082927
"1716",172.163265306122,10.9714285714286,0.893288900082927
"1717",175.040816326531,10.9714285714286,0.899070072071826
"1718",177.918367346939,10.9714285714286,0.899181938683837
"1719",180.795918367347,10.9714285714286,0.957982602457172
"1720",183.673469387755,10.9714285714286,0.971632504644683
"1721",186.551020408163,10.9714285714286,0.971873324069875
"1722",189.428571428571,10.9714285714286,0.972155143142121
"1723",192.30612244898,10.9714285714286,0.972155143142121
"1724",195.183673469388,10.9714285714286,1.12293709394561
"1725",198.061224489796,10.9714285714286,1.15514529030865
"1726",200.938775510204,10.9714285714286,1.16333559780178
"1727",203.816326530612,10.9714285714286,1.16438605452945
"1728",206.69387755102,10.9714285714286,1.16359338751175
"1729",209.571428571429,10.9714285714286,1.25082900698866
"1730",212.448979591837,10.9714285714286,1.26295905358774
"1731",215.326530612245,10.9714285714286,1.26279669213272
"1732",218.204081632653,10.9714285714286,1.29994206413962
"1733",221.081632653061,10.9714285714286,1.3012700939049
"1734",223.959183673469,10.9714285714286,1.47443148227432
"1735",226.836734693878,10.9714285714286,1.51535961630107
"1736",229.714285714286,10.9714285714286,1.51633173094667
"1737",232.591836734694,10.9714285714286,1.6771998373105
"1738",235.469387755102,10.9714285714286,1.6771998373105
"1739",238.34693877551,10.9714285714286,1.67724862876709
"1740",241.224489795918,10.9714285714286,1.67724862876709
"1741",244.102040816327,10.9714285714286,1.67724862876709
"1742",246.979591836735,10.9714285714286,1.67724862876709
"1743",249.857142857143,10.9714285714286,1.67724862876709
"1744",252.734693877551,10.9714285714286,1.67724862876709
"1745",255.612244897959,10.9714285714286,1.67724862876709
"1746",258.489795918367,10.9714285714286,1.67724862876709
"1747",261.367346938776,10.9714285714286,1.67724862876709
"1748",264.244897959184,10.9714285714286,1.67724862876709
"1749",267.122448979592,10.9714285714286,1.67724862876709
"1750",270,10.9714285714286,1.67724862876709
"1751",129,11.2,0.773094661834085
"1752",131.877551020408,11.2,0.773094661834085
"1753",134.755102040816,11.2,0.773094661834085
"1754",137.632653061224,11.2,0.773094661834085
"1755",140.510204081633,11.2,0.773094661834085
"1756",143.387755102041,11.2,0.773094661834085
"1757",146.265306122449,11.2,0.773094661834085
"1758",149.142857142857,11.2,0.773094661834085
"1759",152.020408163265,11.2,0.773094661834085
"1760",154.897959183673,11.2,0.773094661834085
"1761",157.775510204082,11.2,0.773094661834085
"1762",160.65306122449,11.2,0.773094661834085
"1763",163.530612244898,11.2,0.773094661834085
"1764",166.408163265306,11.2,0.773094661834085
"1765",169.285714285714,11.2,0.773094661834085
"1766",172.163265306122,11.2,0.773094661834085
"1767",175.040816326531,11.2,0.778875833822985
"1768",177.918367346939,11.2,0.778987700434997
"1769",180.795918367347,11.2,0.83558553735665
"1770",183.673469387755,11.2,0.846690961543762
"1771",186.551020408163,11.2,0.846931780968954
"1772",189.428571428571,11.2,0.847213600041201
"1773",192.30612244898,11.2,0.847213600041201
"1774",195.183673469388,11.2,0.995793022762661
"1775",198.061224489796,11.2,1.0280012191257
"1776",200.938775510204,11.2,1.03514751433801
"1777",203.816326530612,11.2,1.03590429519416
"1778",206.69387755102,11.2,1.03511162817646
"1779",209.571428571429,11.2,1.11850285349693
"1780",212.448979591837,11.2,1.12969721985982
"1781",215.326530612245,11.2,1.12960331762741
"1782",218.204081632653,11.2,1.16640487811013
"1783",221.081632653061,11.2,1.16773290787541
"1784",223.959183673469,11.2,1.33874339050154
"1785",226.836734693878,11.2,1.37880152080516
"1786",229.714285714286,11.2,1.37965077857581
"1787",232.591836734694,11.2,1.54416631335869
"1788",235.469387755102,11.2,1.54416631335869
"1789",238.34693877551,11.2,1.54421510481527
"1790",241.224489795918,11.2,1.54421510481527
"1791",244.102040816327,11.2,1.54421510481527
"1792",246.979591836735,11.2,1.54421510481527
"1793",249.857142857143,11.2,1.54421510481527
"1794",252.734693877551,11.2,1.54421510481527
"1795",255.612244897959,11.2,1.54421510481527
"1796",258.489795918367,11.2,1.54421510481527
"1797",261.367346938776,11.2,1.54421510481527
"1798",264.244897959184,11.2,1.54421510481527
"1799",267.122448979592,11.2,1.54421510481527
"1800",270,11.2,1.54421510481527
"1801",129,11.4285714285714,0.772165818089028
"1802",131.877551020408,11.4285714285714,0.772165818089028
"1803",134.755102040816,11.4285714285714,0.772165818089028
"1804",137.632653061224,11.4285714285714,0.772165818089028
"1805",140.510204081633,11.4285714285714,0.772165818089028
"1806",143.387755102041,11.4285714285714,0.772165818089028
"1807",146.265306122449,11.4285714285714,0.772165818089028
"1808",149.142857142857,11.4285714285714,0.772165818089028
"1809",152.020408163265,11.4285714285714,0.772165818089028
"1810",154.897959183673,11.4285714285714,0.772165818089028
"1811",157.775510204082,11.4285714285714,0.772165818089028
"1812",160.65306122449,11.4285714285714,0.772165818089028
"1813",163.530612244898,11.4285714285714,0.772165818089028
"1814",166.408163265306,11.4285714285714,0.772165818089028
"1815",169.285714285714,11.4285714285714,0.772165818089028
"1816",172.163265306122,11.4285714285714,0.772165818089028
"1817",175.040816326531,11.4285714285714,0.777946990077929
"1818",177.918367346939,11.4285714285714,0.77805885668994
"1819",180.795918367347,11.4285714285714,0.834656693611593
"1820",183.673469387755,11.4285714285714,0.845664018877169
"1821",186.551020408163,11.4285714285714,0.845904838302361
"1822",189.428571428571,11.4285714285714,0.846186657374608
"1823",192.30612244898,11.4285714285714,0.846186657374608
"1824",195.183673469388,11.4285714285714,0.994623518766399
"1825",198.061224489796,11.4285714285714,1.02683171512944
"1826",200.938775510204,11.4285714285714,1.03397801034175
"1827",203.816326530612,11.4285714285714,1.0347347911979
"1828",206.69387755102,11.4285714285714,1.0339421241802
"1829",209.571428571429,11.4285714285714,1.11733334950066
"1830",212.448979591837,11.4285714285714,1.12852771586356
"1831",215.326530612245,11.4285714285714,1.12843381363115
"1832",218.204081632653,11.4285714285714,1.16523537411386
"1833",221.081632653061,11.4285714285714,1.16656340387915
"1834",223.959183673469,11.4285714285714,1.33757388650528
"1835",226.836734693878,11.4285714285714,1.37770765509017
"1836",229.714285714286,11.4285714285714,1.37855691286082
"1837",232.591836734694,11.4285714285714,1.54331531092682
"1838",235.469387755102,11.4285714285714,1.54331531092682
"1839",238.34693877551,11.4285714285714,1.54336410238341
"1840",241.224489795918,11.4285714285714,1.54336410238341
"1841",244.102040816327,11.4285714285714,1.54336410238341
"1842",246.979591836735,11.4285714285714,1.54336410238341
"1843",249.857142857143,11.4285714285714,1.54336410238341
"1844",252.734693877551,11.4285714285714,1.54336410238341
"1845",255.612244897959,11.4285714285714,1.54336410238341
"1846",258.489795918367,11.4285714285714,1.54336410238341
"1847",261.367346938776,11.4285714285714,1.54336410238341
"1848",264.244897959184,11.4285714285714,1.54336410238341
"1849",267.122448979592,11.4285714285714,1.54336410238341
"1850",270,11.4285714285714,1.54336410238341
"1851",129,11.6571428571429,0.772561921520943
"1852",131.877551020408,11.6571428571429,0.772561921520943
"1853",134.755102040816,11.6571428571429,0.772561921520943
"1854",137.632653061224,11.6571428571429,0.772561921520943
"1855",140.510204081633,11.6571428571429,0.772561921520943
"1856",143.387755102041,11.6571428571429,0.772561921520943
"1857",146.265306122449,11.6571428571429,0.772561921520943
"1858",149.142857142857,11.6571428571429,0.772561921520943
"1859",152.020408163265,11.6571428571429,0.772561921520943
"1860",154.897959183673,11.6571428571429,0.772561921520943
"1861",157.775510204082,11.6571428571429,0.772561921520943
"1862",160.65306122449,11.6571428571429,0.772561921520943
"1863",163.530612244898,11.6571428571429,0.772561921520943
"1864",166.408163265306,11.6571428571429,0.772561921520943
"1865",169.285714285714,11.6571428571429,0.772561921520943
"1866",172.163265306122,11.6571428571429,0.772561921520943
"1867",175.040816326531,11.6571428571429,0.778343093509843
"1868",177.918367346939,11.6571428571429,0.778454960121855
"1869",180.795918367347,11.6571428571429,0.835052797043508
"1870",183.673469387755,11.6571428571429,0.846060122309084
"1871",186.551020408163,11.6571428571429,0.846300941734276
"1872",189.428571428571,11.6571428571429,0.846582760806523
"1873",192.30612244898,11.6571428571429,0.846582760806523
"1874",195.183673469388,11.6571428571429,0.995019622198313
"1875",198.061224489796,11.6571428571429,1.02722781856135
"1876",200.938775510204,11.6571428571429,1.03437411377366
"1877",203.816326530612,11.6571428571429,1.03513089462982
"1878",206.69387755102,11.6571428571429,1.03433822761211
"1879",209.571428571429,11.6571428571429,1.11772945293258
"1880",212.448979591837,11.6571428571429,1.12892381929548
"1881",215.326530612245,11.6571428571429,1.12882991706307
"1882",218.204081632653,11.6571428571429,1.16563147754578
"1883",221.081632653061,11.6571428571429,1.16695950731106
"1884",223.959183673469,11.6571428571429,1.33796998993719
"1885",226.836734693878,11.6571428571429,1.37810375852208
"1886",229.714285714286,11.6571428571429,1.37895301629274
"1887",232.591836734694,11.6571428571429,1.54371141435874
"1888",235.469387755102,11.6571428571429,1.54371141435874
"1889",238.34693877551,11.6571428571429,1.54376020581532
"1890",241.224489795918,11.6571428571429,1.54376020581532
"1891",244.102040816327,11.6571428571429,1.54376020581532
"1892",246.979591836735,11.6571428571429,1.54376020581532
"1893",249.857142857143,11.6571428571429,1.54376020581532
"1894",252.734693877551,11.6571428571429,1.54376020581532
"1895",255.612244897959,11.6571428571429,1.54376020581532
"1896",258.489795918367,11.6571428571429,1.54376020581532
"1897",261.367346938776,11.6571428571429,1.54376020581532
"1898",264.244897959184,11.6571428571429,1.54376020581532
"1899",267.122448979592,11.6571428571429,1.54376020581532
"1900",270,11.6571428571429,1.54376020581532
"1901",129,11.8857142857143,0.773151487834696
"1902",131.877551020408,11.8857142857143,0.773151487834696
"1903",134.755102040816,11.8857142857143,0.773151487834696
"1904",137.632653061224,11.8857142857143,0.773151487834696
"1905",140.510204081633,11.8857142857143,0.773151487834696
"1906",143.387755102041,11.8857142857143,0.773151487834696
"1907",146.265306122449,11.8857142857143,0.773151487834696
"1908",149.142857142857,11.8857142857143,0.773151487834696
"1909",152.020408163265,11.8857142857143,0.773151487834696
"1910",154.897959183673,11.8857142857143,0.773151487834696
"1911",157.775510204082,11.8857142857143,0.773151487834696
"1912",160.65306122449,11.8857142857143,0.773151487834696
"1913",163.530612244898,11.8857142857143,0.773151487834696
"1914",166.408163265306,11.8857142857143,0.773151487834696
"1915",169.285714285714,11.8857142857143,0.773151487834696
"1916",172.163265306122,11.8857142857143,0.773151487834696
"1917",175.040816326531,11.8857142857143,0.778932659823596
"1918",177.918367346939,11.8857142857143,0.779044526435607
"1919",180.795918367347,11.8857142857143,0.83564236335726
"1920",183.673469387755,11.8857142857143,0.846649688622837
"1921",186.551020408163,11.8857142857143,0.846890508048029
"1922",189.428571428571,11.8857142857143,0.847172327120276
"1923",192.30612244898,11.8857142857143,0.847172327120276
"1924",195.183673469388,11.8857142857143,0.995609188512066
"1925",198.061224489796,11.8857142857143,1.0278173848751
"1926",200.938775510204,11.8857142857143,1.03496368008742
"1927",203.816326530612,11.8857142857143,1.03572046094357
"1928",206.69387755102,11.8857142857143,1.03492779392586
"1929",209.571428571429,11.8857142857143,1.11831901924633
"1930",212.448979591837,11.8857142857143,1.12951338560923
"1931",215.326530612245,11.8857142857143,1.12941948337682
"1932",218.204081632653,11.8857142857143,1.16622104385953
"1933",221.081632653061,11.8857142857143,1.16754907362481
"1934",223.959183673469,11.8857142857143,1.33855955625095
"1935",226.836734693878,11.8857142857143,1.37869332483584
"1936",229.714285714286,11.8857142857143,1.37954258260649
"1937",232.591836734694,11.8857142857143,1.54430098067249
"1938",235.469387755102,11.8857142857143,1.54430098067249
"1939",238.34693877551,11.8857142857143,1.54434977212907
"1940",241.224489795918,11.8857142857143,1.54434977212907
"1941",244.102040816327,11.8857142857143,1.54434977212907
"1942",246.979591836735,11.8857142857143,1.54434977212907
"1943",249.857142857143,11.8857142857143,1.54434977212907
"1944",252.734693877551,11.8857142857143,1.54434977212907
"1945",255.612244897959,11.8857142857143,1.54434977212907
"1946",258.489795918367,11.8857142857143,1.54434977212907
"1947",261.367346938776,11.8857142857143,1.54434977212907
"1948",264.244897959184,11.8857142857143,1.54434977212907
"1949",267.122448979592,11.8857142857143,1.54434977212907
"1950",270,11.8857142857143,1.54434977212907
"1951",129,12.1142857142857,0.773151487834696
"1952",131.877551020408,12.1142857142857,0.773151487834696
"1953",134.755102040816,12.1142857142857,0.773151487834696
"1954",137.632653061224,12.1142857142857,0.773151487834696
"1955",140.510204081633,12.1142857142857,0.773151487834696
"1956",143.387755102041,12.1142857142857,0.773151487834696
"1957",146.265306122449,12.1142857142857,0.773151487834696
"1958",149.142857142857,12.1142857142857,0.773151487834696
"1959",152.020408163265,12.1142857142857,0.773151487834696
"1960",154.897959183673,12.1142857142857,0.773151487834696
"1961",157.775510204082,12.1142857142857,0.773151487834696
"1962",160.65306122449,12.1142857142857,0.773151487834696
"1963",163.530612244898,12.1142857142857,0.773151487834696
"1964",166.408163265306,12.1142857142857,0.773151487834696
"1965",169.285714285714,12.1142857142857,0.773151487834696
"1966",172.163265306122,12.1142857142857,0.773151487834696
"1967",175.040816326531,12.1142857142857,0.778932659823596
"1968",177.918367346939,12.1142857142857,0.779044526435607
"1969",180.795918367347,12.1142857142857,0.83564236335726
"1970",183.673469387755,12.1142857142857,0.846649688622837
"1971",186.551020408163,12.1142857142857,0.846890508048029
"1972",189.428571428571,12.1142857142857,0.847172327120276
"1973",192.30612244898,12.1142857142857,0.847172327120276
"1974",195.183673469388,12.1142857142857,0.995609188512066
"1975",198.061224489796,12.1142857142857,1.0278173848751
"1976",200.938775510204,12.1142857142857,1.03496368008742
"1977",203.816326530612,12.1142857142857,1.03572046094357
"1978",206.69387755102,12.1142857142857,1.03492779392586
"1979",209.571428571429,12.1142857142857,1.11831901924633
"1980",212.448979591837,12.1142857142857,1.12951338560923
"1981",215.326530612245,12.1142857142857,1.12941948337682
"1982",218.204081632653,12.1142857142857,1.16622104385953
"1983",221.081632653061,12.1142857142857,1.16754907362481
"1984",223.959183673469,12.1142857142857,1.33855955625095
"1985",226.836734693878,12.1142857142857,1.37869332483584
"1986",229.714285714286,12.1142857142857,1.37954258260649
"1987",232.591836734694,12.1142857142857,1.54430098067249
"1988",235.469387755102,12.1142857142857,1.54430098067249
"1989",238.34693877551,12.1142857142857,1.54434977212907
"1990",241.224489795918,12.1142857142857,1.54434977212907
"1991",244.102040816327,12.1142857142857,1.54434977212907
"1992",246.979591836735,12.1142857142857,1.54434977212907
"1993",249.857142857143,12.1142857142857,1.54434977212907
"1994",252.734693877551,12.1142857142857,1.54434977212907
"1995",255.612244897959,12.1142857142857,1.54434977212907
"1996",258.489795918367,12.1142857142857,1.54434977212907
"1997",261.367346938776,12.1142857142857,1.54434977212907
"1998",264.244897959184,12.1142857142857,1.54434977212907
"1999",267.122448979592,12.1142857142857,1.54434977212907
"2000",270,12.1142857142857,1.54434977212907
"2001",129,12.3428571428571,0.773151487834696
"2002",131.877551020408,12.3428571428571,0.773151487834696
"2003",134.755102040816,12.3428571428571,0.773151487834696
"2004",137.632653061224,12.3428571428571,0.773151487834696
"2005",140.510204081633,12.3428571428571,0.773151487834696
"2006",143.387755102041,12.3428571428571,0.773151487834696
"2007",146.265306122449,12.3428571428571,0.773151487834696
"2008",149.142857142857,12.3428571428571,0.773151487834696
"2009",152.020408163265,12.3428571428571,0.773151487834696
"2010",154.897959183673,12.3428571428571,0.773151487834696
"2011",157.775510204082,12.3428571428571,0.773151487834696
"2012",160.65306122449,12.3428571428571,0.773151487834696
"2013",163.530612244898,12.3428571428571,0.773151487834696
"2014",166.408163265306,12.3428571428571,0.773151487834696
"2015",169.285714285714,12.3428571428571,0.773151487834696
"2016",172.163265306122,12.3428571428571,0.773151487834696
"2017",175.040816326531,12.3428571428571,0.778932659823596
"2018",177.918367346939,12.3428571428571,0.779044526435607
"2019",180.795918367347,12.3428571428571,0.83564236335726
"2020",183.673469387755,12.3428571428571,0.846649688622837
"2021",186.551020408163,12.3428571428571,0.846890508048029
"2022",189.428571428571,12.3428571428571,0.847172327120276
"2023",192.30612244898,12.3428571428571,0.847172327120276
"2024",195.183673469388,12.3428571428571,0.995609188512066
"2025",198.061224489796,12.3428571428571,1.0278173848751
"2026",200.938775510204,12.3428571428571,1.03496368008742
"2027",203.816326530612,12.3428571428571,1.03572046094357
"2028",206.69387755102,12.3428571428571,1.03492779392586
"2029",209.571428571429,12.3428571428571,1.11831901924633
"2030",212.448979591837,12.3428571428571,1.12951338560923
"2031",215.326530612245,12.3428571428571,1.12941948337682
"2032",218.204081632653,12.3428571428571,1.16622104385953
"2033",221.081632653061,12.3428571428571,1.16754907362481
"2034",223.959183673469,12.3428571428571,1.33855955625095
"2035",226.836734693878,12.3428571428571,1.37869332483584
"2036",229.714285714286,12.3428571428571,1.37954258260649
"2037",232.591836734694,12.3428571428571,1.54430098067249
"2038",235.469387755102,12.3428571428571,1.54430098067249
"2039",238.34693877551,12.3428571428571,1.54434977212907
"2040",241.224489795918,12.3428571428571,1.54434977212907
"2041",244.102040816327,12.3428571428571,1.54434977212907
"2042",246.979591836735,12.3428571428571,1.54434977212907
"2043",249.857142857143,12.3428571428571,1.54434977212907
"2044",252.734693877551,12.3428571428571,1.54434977212907
"2045",255.612244897959,12.3428571428571,1.54434977212907
"2046",258.489795918367,12.3428571428571,1.54434977212907
"2047",261.367346938776,12.3428571428571,1.54434977212907
"2048",264.244897959184,12.3428571428571,1.54434977212907
"2049",267.122448979592,12.3428571428571,1.54434977212907
"2050",270,12.3428571428571,1.54434977212907
"2051",129,12.5714285714286,0.773151487834696
"2052",131.877551020408,12.5714285714286,0.773151487834696
"2053",134.755102040816,12.5714285714286,0.773151487834696
"2054",137.632653061224,12.5714285714286,0.773151487834696
"2055",140.510204081633,12.5714285714286,0.773151487834696
"2056",143.387755102041,12.5714285714286,0.773151487834696
"2057",146.265306122449,12.5714285714286,0.773151487834696
"2058",149.142857142857,12.5714285714286,0.773151487834696
"2059",152.020408163265,12.5714285714286,0.773151487834696
"2060",154.897959183673,12.5714285714286,0.773151487834696
"2061",157.775510204082,12.5714285714286,0.773151487834696
"2062",160.65306122449,12.5714285714286,0.773151487834696
"2063",163.530612244898,12.5714285714286,0.773151487834696
"2064",166.408163265306,12.5714285714286,0.773151487834696
"2065",169.285714285714,12.5714285714286,0.773151487834696
"2066",172.163265306122,12.5714285714286,0.773151487834696
"2067",175.040816326531,12.5714285714286,0.778932659823596
"2068",177.918367346939,12.5714285714286,0.779044526435607
"2069",180.795918367347,12.5714285714286,0.83564236335726
"2070",183.673469387755,12.5714285714286,0.846649688622837
"2071",186.551020408163,12.5714285714286,0.846890508048029
"2072",189.428571428571,12.5714285714286,0.847172327120276
"2073",192.30612244898,12.5714285714286,0.847172327120276
"2074",195.183673469388,12.5714285714286,0.995609188512066
"2075",198.061224489796,12.5714285714286,1.0278173848751
"2076",200.938775510204,12.5714285714286,1.03496368008742
"2077",203.816326530612,12.5714285714286,1.03572046094357
"2078",206.69387755102,12.5714285714286,1.03492779392586
"2079",209.571428571429,12.5714285714286,1.11831901924633
"2080",212.448979591837,12.5714285714286,1.12951338560923
"2081",215.326530612245,12.5714285714286,1.12941948337682
"2082",218.204081632653,12.5714285714286,1.16622104385953
"2083",221.081632653061,12.5714285714286,1.16754907362481
"2084",223.959183673469,12.5714285714286,1.33855955625095
"2085",226.836734693878,12.5714285714286,1.37869332483584
"2086",229.714285714286,12.5714285714286,1.37954258260649
"2087",232.591836734694,12.5714285714286,1.54430098067249
"2088",235.469387755102,12.5714285714286,1.54430098067249
"2089",238.34693877551,12.5714285714286,1.54434977212907
"2090",241.224489795918,12.5714285714286,1.54434977212907
"2091",244.102040816327,12.5714285714286,1.54434977212907
"2092",246.979591836735,12.5714285714286,1.54434977212907
"2093",249.857142857143,12.5714285714286,1.54434977212907
"2094",252.734693877551,12.5714285714286,1.54434977212907
"2095",255.612244897959,12.5714285714286,1.54434977212907
"2096",258.489795918367,12.5714285714286,1.54434977212907
"2097",261.367346938776,12.5714285714286,1.54434977212907
"2098",264.244897959184,12.5714285714286,1.54434977212907
"2099",267.122448979592,12.5714285714286,1.54434977212907
"2100",270,12.5714285714286,1.54434977212907
"2101",129,12.8,0.773151487834696
"2102",131.877551020408,12.8,0.773151487834696
"2103",134.755102040816,12.8,0.773151487834696
"2104",137.632653061224,12.8,0.773151487834696
"2105",140.510204081633,12.8,0.773151487834696
"2106",143.387755102041,12.8,0.773151487834696
"2107",146.265306122449,12.8,0.773151487834696
"2108",149.142857142857,12.8,0.773151487834696
"2109",152.020408163265,12.8,0.773151487834696
"2110",154.897959183673,12.8,0.773151487834696
"2111",157.775510204082,12.8,0.773151487834696
"2112",160.65306122449,12.8,0.773151487834696
"2113",163.530612244898,12.8,0.773151487834696
"2114",166.408163265306,12.8,0.773151487834696
"2115",169.285714285714,12.8,0.773151487834696
"2116",172.163265306122,12.8,0.773151487834696
"2117",175.040816326531,12.8,0.778932659823596
"2118",177.918367346939,12.8,0.779044526435607
"2119",180.795918367347,12.8,0.83564236335726
"2120",183.673469387755,12.8,0.846649688622837
"2121",186.551020408163,12.8,0.846890508048029
"2122",189.428571428571,12.8,0.847172327120276
"2123",192.30612244898,12.8,0.847172327120276
"2124",195.183673469388,12.8,0.995609188512066
"2125",198.061224489796,12.8,1.0278173848751
"2126",200.938775510204,12.8,1.03496368008742
"2127",203.816326530612,12.8,1.03572046094357
"2128",206.69387755102,12.8,1.03492779392586
"2129",209.571428571429,12.8,1.11831901924633
"2130",212.448979591837,12.8,1.12951338560923
"2131",215.326530612245,12.8,1.12941948337682
"2132",218.204081632653,12.8,1.16622104385953
"2133",221.081632653061,12.8,1.16754907362481
"2134",223.959183673469,12.8,1.33855955625095
"2135",226.836734693878,12.8,1.37869332483584
"2136",229.714285714286,12.8,1.37954258260649
"2137",232.591836734694,12.8,1.54430098067249
"2138",235.469387755102,12.8,1.54430098067249
"2139",238.34693877551,12.8,1.54434977212907
"2140",241.224489795918,12.8,1.54434977212907
"2141",244.102040816327,12.8,1.54434977212907
"2142",246.979591836735,12.8,1.54434977212907
"2143",249.857142857143,12.8,1.54434977212907
"2144",252.734693877551,12.8,1.54434977212907
"2145",255.612244897959,12.8,1.54434977212907
"2146",258.489795918367,12.8,1.54434977212907
"2147",261.367346938776,12.8,1.54434977212907
"2148",264.244897959184,12.8,1.54434977212907
"2149",267.122448979592,12.8,1.54434977212907
"2150",270,12.8,1.54434977212907
"2151",129,13.0285714285714,0.773151487834696
"2152",131.877551020408,13.0285714285714,0.773151487834696
"2153",134.755102040816,13.0285714285714,0.773151487834696
"2154",137.632653061224,13.0285714285714,0.773151487834696
"2155",140.510204081633,13.0285714285714,0.773151487834696
"2156",143.387755102041,13.0285714285714,0.773151487834696
"2157",146.265306122449,13.0285714285714,0.773151487834696
"2158",149.142857142857,13.0285714285714,0.773151487834696
"2159",152.020408163265,13.0285714285714,0.773151487834696
"2160",154.897959183673,13.0285714285714,0.773151487834696
"2161",157.775510204082,13.0285714285714,0.773151487834696
"2162",160.65306122449,13.0285714285714,0.773151487834696
"2163",163.530612244898,13.0285714285714,0.773151487834696
"2164",166.408163265306,13.0285714285714,0.773151487834696
"2165",169.285714285714,13.0285714285714,0.773151487834696
"2166",172.163265306122,13.0285714285714,0.773151487834696
"2167",175.040816326531,13.0285714285714,0.778932659823596
"2168",177.918367346939,13.0285714285714,0.779044526435607
"2169",180.795918367347,13.0285714285714,0.83564236335726
"2170",183.673469387755,13.0285714285714,0.846649688622837
"2171",186.551020408163,13.0285714285714,0.846890508048029
"2172",189.428571428571,13.0285714285714,0.847172327120276
"2173",192.30612244898,13.0285714285714,0.847172327120276
"2174",195.183673469388,13.0285714285714,0.995609188512066
"2175",198.061224489796,13.0285714285714,1.0278173848751
"2176",200.938775510204,13.0285714285714,1.03496368008742
"2177",203.816326530612,13.0285714285714,1.03572046094357
"2178",206.69387755102,13.0285714285714,1.03492779392586
"2179",209.571428571429,13.0285714285714,1.11831901924633
"2180",212.448979591837,13.0285714285714,1.12951338560923
"2181",215.326530612245,13.0285714285714,1.12941948337682
"2182",218.204081632653,13.0285714285714,1.16622104385953
"2183",221.081632653061,13.0285714285714,1.16754907362481
"2184",223.959183673469,13.0285714285714,1.33855955625095
"2185",226.836734693878,13.0285714285714,1.37869332483584
"2186",229.714285714286,13.0285714285714,1.37954258260649
"2187",232.591836734694,13.0285714285714,1.54430098067249
"2188",235.469387755102,13.0285714285714,1.54430098067249
"2189",238.34693877551,13.0285714285714,1.54434977212907
"2190",241.224489795918,13.0285714285714,1.54434977212907
"2191",244.102040816327,13.0285714285714,1.54434977212907
"2192",246.979591836735,13.0285714285714,1.54434977212907
"2193",249.857142857143,13.0285714285714,1.54434977212907
"2194",252.734693877551,13.0285714285714,1.54434977212907
"2195",255.612244897959,13.0285714285714,1.54434977212907
"2196",258.489795918367,13.0285714285714,1.54434977212907
"2197",261.367346938776,13.0285714285714,1.54434977212907
"2198",264.244897959184,13.0285714285714,1.54434977212907
"2199",267.122448979592,13.0285714285714,1.54434977212907
"2200",270,13.0285714285714,1.54434977212907
"2201",129,13.2571428571429,0.773151487834696
"2202",131.877551020408,13.2571428571429,0.773151487834696
"2203",134.755102040816,13.2571428571429,0.773151487834696
"2204",137.632653061224,13.2571428571429,0.773151487834696
"2205",140.510204081633,13.2571428571429,0.773151487834696
"2206",143.387755102041,13.2571428571429,0.773151487834696
"2207",146.265306122449,13.2571428571429,0.773151487834696
"2208",149.142857142857,13.2571428571429,0.773151487834696
"2209",152.020408163265,13.2571428571429,0.773151487834696
"2210",154.897959183673,13.2571428571429,0.773151487834696
"2211",157.775510204082,13.2571428571429,0.773151487834696
"2212",160.65306122449,13.2571428571429,0.773151487834696
"2213",163.530612244898,13.2571428571429,0.773151487834696
"2214",166.408163265306,13.2571428571429,0.773151487834696
"2215",169.285714285714,13.2571428571429,0.773151487834696
"2216",172.163265306122,13.2571428571429,0.773151487834696
"2217",175.040816326531,13.2571428571429,0.778932659823596
"2218",177.918367346939,13.2571428571429,0.779044526435607
"2219",180.795918367347,13.2571428571429,0.83564236335726
"2220",183.673469387755,13.2571428571429,0.846649688622837
"2221",186.551020408163,13.2571428571429,0.846890508048029
"2222",189.428571428571,13.2571428571429,0.847172327120276
"2223",192.30612244898,13.2571428571429,0.847172327120276
"2224",195.183673469388,13.2571428571429,0.995609188512066
"2225",198.061224489796,13.2571428571429,1.0278173848751
"2226",200.938775510204,13.2571428571429,1.03496368008742
"2227",203.816326530612,13.2571428571429,1.03572046094357
"2228",206.69387755102,13.2571428571429,1.03492779392586
"2229",209.571428571429,13.2571428571429,1.11831901924633
"2230",212.448979591837,13.2571428571429,1.12951338560923
"2231",215.326530612245,13.2571428571429,1.12941948337682
"2232",218.204081632653,13.2571428571429,1.16622104385953
"2233",221.081632653061,13.2571428571429,1.16754907362481
"2234",223.959183673469,13.2571428571429,1.33855955625095
"2235",226.836734693878,13.2571428571429,1.37869332483584
"2236",229.714285714286,13.2571428571429,1.37954258260649
"2237",232.591836734694,13.2571428571429,1.54430098067249
"2238",235.469387755102,13.2571428571429,1.54430098067249
"2239",238.34693877551,13.2571428571429,1.54434977212907
"2240",241.224489795918,13.2571428571429,1.54434977212907
"2241",244.102040816327,13.2571428571429,1.54434977212907
"2242",246.979591836735,13.2571428571429,1.54434977212907
"2243",249.857142857143,13.2571428571429,1.54434977212907
"2244",252.734693877551,13.2571428571429,1.54434977212907
"2245",255.612244897959,13.2571428571429,1.54434977212907
"2246",258.489795918367,13.2571428571429,1.54434977212907
"2247",261.367346938776,13.2571428571429,1.54434977212907
"2248",264.244897959184,13.2571428571429,1.54434977212907
"2249",267.122448979592,13.2571428571429,1.54434977212907
"2250",270,13.2571428571429,1.54434977212907
"2251",129,13.4857142857143,0.773151487834696
"2252",131.877551020408,13.4857142857143,0.773151487834696
"2253",134.755102040816,13.4857142857143,0.773151487834696
"2254",137.632653061224,13.4857142857143,0.773151487834696
"2255",140.510204081633,13.4857142857143,0.773151487834696
"2256",143.387755102041,13.4857142857143,0.773151487834696
"2257",146.265306122449,13.4857142857143,0.773151487834696
"2258",149.142857142857,13.4857142857143,0.773151487834696
"2259",152.020408163265,13.4857142857143,0.773151487834696
"2260",154.897959183673,13.4857142857143,0.773151487834696
"2261",157.775510204082,13.4857142857143,0.773151487834696
"2262",160.65306122449,13.4857142857143,0.773151487834696
"2263",163.530612244898,13.4857142857143,0.773151487834696
"2264",166.408163265306,13.4857142857143,0.773151487834696
"2265",169.285714285714,13.4857142857143,0.773151487834696
"2266",172.163265306122,13.4857142857143,0.773151487834696
"2267",175.040816326531,13.4857142857143,0.778932659823596
"2268",177.918367346939,13.4857142857143,0.779044526435607
"2269",180.795918367347,13.4857142857143,0.83564236335726
"2270",183.673469387755,13.4857142857143,0.846649688622837
"2271",186.551020408163,13.4857142857143,0.846890508048029
"2272",189.428571428571,13.4857142857143,0.847172327120276
"2273",192.30612244898,13.4857142857143,0.847172327120276
"2274",195.183673469388,13.4857142857143,0.995609188512066
"2275",198.061224489796,13.4857142857143,1.0278173848751
"2276",200.938775510204,13.4857142857143,1.03496368008742
"2277",203.816326530612,13.4857142857143,1.03572046094357
"2278",206.69387755102,13.4857142857143,1.03492779392586
"2279",209.571428571429,13.4857142857143,1.11831901924633
"2280",212.448979591837,13.4857142857143,1.12951338560923
"2281",215.326530612245,13.4857142857143,1.12941948337682
"2282",218.204081632653,13.4857142857143,1.16622104385953
"2283",221.081632653061,13.4857142857143,1.16754907362481
"2284",223.959183673469,13.4857142857143,1.33855955625095
"2285",226.836734693878,13.4857142857143,1.37869332483584
"2286",229.714285714286,13.4857142857143,1.37954258260649
"2287",232.591836734694,13.4857142857143,1.54430098067249
"2288",235.469387755102,13.4857142857143,1.54430098067249
"2289",238.34693877551,13.4857142857143,1.54434977212907
"2290",241.224489795918,13.4857142857143,1.54434977212907
"2291",244.102040816327,13.4857142857143,1.54434977212907
"2292",246.979591836735,13.4857142857143,1.54434977212907
"2293",249.857142857143,13.4857142857143,1.54434977212907
"2294",252.734693877551,13.4857142857143,1.54434977212907
"2295",255.612244897959,13.4857142857143,1.54434977212907
"2296",258.489795918367,13.4857142857143,1.54434977212907
"2297",261.367346938776,13.4857142857143,1.54434977212907
"2298",264.244897959184,13.4857142857143,1.54434977212907
"2299",267.122448979592,13.4857142857143,1.54434977212907
"2300",270,13.4857142857143,1.54434977212907
"2301",129,13.7142857142857,0.773151487834696
"2302",131.877551020408,13.7142857142857,0.773151487834696
"2303",134.755102040816,13.7142857142857,0.773151487834696
"2304",137.632653061224,13.7142857142857,0.773151487834696
"2305",140.510204081633,13.7142857142857,0.773151487834696
"2306",143.387755102041,13.7142857142857,0.773151487834696
"2307",146.265306122449,13.7142857142857,0.773151487834696
"2308",149.142857142857,13.7142857142857,0.773151487834696
"2309",152.020408163265,13.7142857142857,0.773151487834696
"2310",154.897959183673,13.7142857142857,0.773151487834696
"2311",157.775510204082,13.7142857142857,0.773151487834696
"2312",160.65306122449,13.7142857142857,0.773151487834696
"2313",163.530612244898,13.7142857142857,0.773151487834696
"2314",166.408163265306,13.7142857142857,0.773151487834696
"2315",169.285714285714,13.7142857142857,0.773151487834696
"2316",172.163265306122,13.7142857142857,0.773151487834696
"2317",175.040816326531,13.7142857142857,0.778932659823596
"2318",177.918367346939,13.7142857142857,0.779044526435607
"2319",180.795918367347,13.7142857142857,0.83564236335726
"2320",183.673469387755,13.7142857142857,0.846649688622837
"2321",186.551020408163,13.7142857142857,0.846890508048029
"2322",189.428571428571,13.7142857142857,0.847172327120276
"2323",192.30612244898,13.7142857142857,0.847172327120276
"2324",195.183673469388,13.7142857142857,0.995609188512066
"2325",198.061224489796,13.7142857142857,1.0278173848751
"2326",200.938775510204,13.7142857142857,1.03496368008742
"2327",203.816326530612,13.7142857142857,1.03572046094357
"2328",206.69387755102,13.7142857142857,1.03492779392586
"2329",209.571428571429,13.7142857142857,1.11831901924633
"2330",212.448979591837,13.7142857142857,1.12951338560923
"2331",215.326530612245,13.7142857142857,1.12941948337682
"2332",218.204081632653,13.7142857142857,1.16622104385953
"2333",221.081632653061,13.7142857142857,1.16754907362481
"2334",223.959183673469,13.7142857142857,1.33855955625095
"2335",226.836734693878,13.7142857142857,1.37869332483584
"2336",229.714285714286,13.7142857142857,1.37954258260649
"2337",232.591836734694,13.7142857142857,1.54430098067249
"2338",235.469387755102,13.7142857142857,1.54430098067249
"2339",238.34693877551,13.7142857142857,1.54434977212907
"2340",241.224489795918,13.7142857142857,1.54434977212907
"2341",244.102040816327,13.7142857142857,1.54434977212907
"2342",246.979591836735,13.7142857142857,1.54434977212907
"2343",249.857142857143,13.7142857142857,1.54434977212907
"2344",252.734693877551,13.7142857142857,1.54434977212907
"2345",255.612244897959,13.7142857142857,1.54434977212907
"2346",258.489795918367,13.7142857142857,1.54434977212907
"2347",261.367346938776,13.7142857142857,1.54434977212907
"2348",264.244897959184,13.7142857142857,1.54434977212907
"2349",267.122448979592,13.7142857142857,1.54434977212907
"2350",270,13.7142857142857,1.54434977212907
"2351",129,13.9428571428571,0.773151487834696
"2352",131.877551020408,13.9428571428571,0.773151487834696
"2353",134.755102040816,13.9428571428571,0.773151487834696
"2354",137.632653061224,13.9428571428571,0.773151487834696
"2355",140.510204081633,13.9428571428571,0.773151487834696
"2356",143.387755102041,13.9428571428571,0.773151487834696
"2357",146.265306122449,13.9428571428571,0.773151487834696
"2358",149.142857142857,13.9428571428571,0.773151487834696
"2359",152.020408163265,13.9428571428571,0.773151487834696
"2360",154.897959183673,13.9428571428571,0.773151487834696
"2361",157.775510204082,13.9428571428571,0.773151487834696
"2362",160.65306122449,13.9428571428571,0.773151487834696
"2363",163.530612244898,13.9428571428571,0.773151487834696
"2364",166.408163265306,13.9428571428571,0.773151487834696
"2365",169.285714285714,13.9428571428571,0.773151487834696
"2366",172.163265306122,13.9428571428571,0.773151487834696
"2367",175.040816326531,13.9428571428571,0.778932659823596
"2368",177.918367346939,13.9428571428571,0.779044526435607
"2369",180.795918367347,13.9428571428571,0.83564236335726
"2370",183.673469387755,13.9428571428571,0.846649688622837
"2371",186.551020408163,13.9428571428571,0.846890508048029
"2372",189.428571428571,13.9428571428571,0.847172327120276
"2373",192.30612244898,13.9428571428571,0.847172327120276
"2374",195.183673469388,13.9428571428571,0.995609188512066
"2375",198.061224489796,13.9428571428571,1.0278173848751
"2376",200.938775510204,13.9428571428571,1.03496368008742
"2377",203.816326530612,13.9428571428571,1.03572046094357
"2378",206.69387755102,13.9428571428571,1.03492779392586
"2379",209.571428571429,13.9428571428571,1.11831901924633
"2380",212.448979591837,13.9428571428571,1.12951338560923
"2381",215.326530612245,13.9428571428571,1.12941948337682
"2382",218.204081632653,13.9428571428571,1.16622104385953
"2383",221.081632653061,13.9428571428571,1.16754907362481
"2384",223.959183673469,13.9428571428571,1.33855955625095
"2385",226.836734693878,13.9428571428571,1.37869332483584
"2386",229.714285714286,13.9428571428571,1.37954258260649
"2387",232.591836734694,13.9428571428571,1.54430098067249
"2388",235.469387755102,13.9428571428571,1.54430098067249
"2389",238.34693877551,13.9428571428571,1.54434977212907
"2390",241.224489795918,13.9428571428571,1.54434977212907
"2391",244.102040816327,13.9428571428571,1.54434977212907
"2392",246.979591836735,13.9428571428571,1.54434977212907
"2393",249.857142857143,13.9428571428571,1.54434977212907
"2394",252.734693877551,13.9428571428571,1.54434977212907
"2395",255.612244897959,13.9428571428571,1.54434977212907
"2396",258.489795918367,13.9428571428571,1.54434977212907
"2397",261.367346938776,13.9428571428571,1.54434977212907
"2398",264.244897959184,13.9428571428571,1.54434977212907
"2399",267.122448979592,13.9428571428571,1.54434977212907
"2400",270,13.9428571428571,1.54434977212907
"2401",129,14.1714285714286,0.773151487834696
"2402",131.877551020408,14.1714285714286,0.773151487834696
"2403",134.755102040816,14.1714285714286,0.773151487834696
"2404",137.632653061224,14.1714285714286,0.773151487834696
"2405",140.510204081633,14.1714285714286,0.773151487834696
"2406",143.387755102041,14.1714285714286,0.773151487834696
"2407",146.265306122449,14.1714285714286,0.773151487834696
"2408",149.142857142857,14.1714285714286,0.773151487834696
"2409",152.020408163265,14.1714285714286,0.773151487834696
"2410",154.897959183673,14.1714285714286,0.773151487834696
"2411",157.775510204082,14.1714285714286,0.773151487834696
"2412",160.65306122449,14.1714285714286,0.773151487834696
"2413",163.530612244898,14.1714285714286,0.773151487834696
"2414",166.408163265306,14.1714285714286,0.773151487834696
"2415",169.285714285714,14.1714285714286,0.773151487834696
"2416",172.163265306122,14.1714285714286,0.773151487834696
"2417",175.040816326531,14.1714285714286,0.778932659823596
"2418",177.918367346939,14.1714285714286,0.779044526435607
"2419",180.795918367347,14.1714285714286,0.83564236335726
"2420",183.673469387755,14.1714285714286,0.846649688622837
"2421",186.551020408163,14.1714285714286,0.846890508048029
"2422",189.428571428571,14.1714285714286,0.847172327120276
"2423",192.30612244898,14.1714285714286,0.847172327120276
"2424",195.183673469388,14.1714285714286,0.995609188512066
"2425",198.061224489796,14.1714285714286,1.0278173848751
"2426",200.938775510204,14.1714285714286,1.03496368008742
"2427",203.816326530612,14.1714285714286,1.03572046094357
"2428",206.69387755102,14.1714285714286,1.03492779392586
"2429",209.571428571429,14.1714285714286,1.11831901924633
"2430",212.448979591837,14.1714285714286,1.12951338560923
"2431",215.326530612245,14.1714285714286,1.12941948337682
"2432",218.204081632653,14.1714285714286,1.16622104385953
"2433",221.081632653061,14.1714285714286,1.16754907362481
"2434",223.959183673469,14.1714285714286,1.33855955625095
"2435",226.836734693878,14.1714285714286,1.37869332483584
"2436",229.714285714286,14.1714285714286,1.37954258260649
"2437",232.591836734694,14.1714285714286,1.54430098067249
"2438",235.469387755102,14.1714285714286,1.54430098067249
"2439",238.34693877551,14.1714285714286,1.54434977212907
"2440",241.224489795918,14.1714285714286,1.54434977212907
"2441",244.102040816327,14.1714285714286,1.54434977212907
"2442",246.979591836735,14.1714285714286,1.54434977212907
"2443",249.857142857143,14.1714285714286,1.54434977212907
"2444",252.734693877551,14.1714285714286,1.54434977212907
"2445",255.612244897959,14.1714285714286,1.54434977212907
"2446",258.489795918367,14.1714285714286,1.54434977212907
"2447",261.367346938776,14.1714285714286,1.54434977212907
"2448",264.244897959184,14.1714285714286,1.54434977212907
"2449",267.122448979592,14.1714285714286,1.54434977212907
"2450",270,14.1714285714286,1.54434977212907
"2451",129,14.4,0.773151487834696
"2452",131.877551020408,14.4,0.773151487834696
"2453",134.755102040816,14.4,0.773151487834696
"2454",137.632653061224,14.4,0.773151487834696
"2455",140.510204081633,14.4,0.773151487834696
"2456",143.387755102041,14.4,0.773151487834696
"2457",146.265306122449,14.4,0.773151487834696
"2458",149.142857142857,14.4,0.773151487834696
"2459",152.020408163265,14.4,0.773151487834696
"2460",154.897959183673,14.4,0.773151487834696
"2461",157.775510204082,14.4,0.773151487834696
"2462",160.65306122449,14.4,0.773151487834696
"2463",163.530612244898,14.4,0.773151487834696
"2464",166.408163265306,14.4,0.773151487834696
"2465",169.285714285714,14.4,0.773151487834696
"2466",172.163265306122,14.4,0.773151487834696
"2467",175.040816326531,14.4,0.778932659823596
"2468",177.918367346939,14.4,0.779044526435607
"2469",180.795918367347,14.4,0.83564236335726
"2470",183.673469387755,14.4,0.846649688622837
"2471",186.551020408163,14.4,0.846890508048029
"2472",189.428571428571,14.4,0.847172327120276
"2473",192.30612244898,14.4,0.847172327120276
"2474",195.183673469388,14.4,0.995609188512066
"2475",198.061224489796,14.4,1.0278173848751
"2476",200.938775510204,14.4,1.03496368008742
"2477",203.816326530612,14.4,1.03572046094357
"2478",206.69387755102,14.4,1.03492779392586
"2479",209.571428571429,14.4,1.11831901924633
"2480",212.448979591837,14.4,1.12951338560923
"2481",215.326530612245,14.4,1.12941948337682
"2482",218.204081632653,14.4,1.16622104385953
"2483",221.081632653061,14.4,1.16754907362481
"2484",223.959183673469,14.4,1.33855955625095
"2485",226.836734693878,14.4,1.37869332483584
"2486",229.714285714286,14.4,1.37954258260649
"2487",232.591836734694,14.4,1.54430098067249
"2488",235.469387755102,14.4,1.54430098067249
"2489",238.34693877551,14.4,1.54434977212907
"2490",241.224489795918,14.4,1.54434977212907
"2491",244.102040816327,14.4,1.54434977212907
"2492",246.979591836735,14.4,1.54434977212907
"2493",249.857142857143,14.4,1.54434977212907
"2494",252.734693877551,14.4,1.54434977212907
"2495",255.612244897959,14.4,1.54434977212907
"2496",258.489795918367,14.4,1.54434977212907
"2497",261.367346938776,14.4,1.54434977212907
"2498",264.244897959184,14.4,1.54434977212907
"2499",267.122448979592,14.4,1.54434977212907
"2500",270,14.4,1.54434977212907
